   5.9827829e+05   3.7752156e+06  -2.4188953e+02
   5.9857575e+05   3.7769554e+06   0.0000000e+00
   6.0656059e+05   3.8240414e+06  -2.9247905e+01
   6.1152180e+05   3.8552731e+06  -1.0153308e+02
   6.1521735e+05   3.8848430e+06  -3.1020246e+01
   6.2135081e+05   3.9160137e+06   0.0000000e+00
   6.3054481e+05   3.9601170e+06  -7.0231502e+00
   6.5327778e+05   4.0054932e+06  -2.0601539e+00
   6.8007647e+05   4.0471348e+06  -2.3630217e+01
   6.9635161e+05   4.0764026e+06  -3.0845929e+01
   7.1649909e+05   4.1142126e+06  -5.2032984e+00
   7.3763854e+05   4.1836551e+06  -4.0961624e+01
   7.5621548e+05   4.2557924e+06  -1.3517027e+01
   7.7247121e+05   4.3242950e+06  -1.1234535e+01
   7.7836007e+05   4.3887640e+06  -1.2605251e+00
   7.8221248e+05   4.4493725e+06  -8.5543371e+01
   7.9644075e+05   4.4977782e+06  -1.0658945e+00
   8.0464694e+05   4.5418924e+06  -1.5187089e+01
   8.4832806e+05   4.5879094e+06  -2.7181909e+01
   9.0582403e+05   4.6241694e+06  -9.5040754e+00
   9.3991371e+05   4.6484607e+06  -2.5523638e+01
   9.7543063e+05   4.6775925e+06   0.0000000e+00
   4.3807110e+05   3.9512150e+06  -4.0085568e+04
   9.3841812e+05   4.7653539e+06   0.0000000e+00
   3.6193229e+05   3.9636656e+06  -1.0000000e+05
   3.5976356e+05   3.9973701e+06   0.0000000e+00
   3.6847033e+05   4.0379837e+06   0.0000000e+00
   3.7964449e+05   4.0691614e+06   0.0000000e+00
   3.9603964e+05   4.0977744e+06  -9.9404989e+04
   4.1318669e+05   4.1238716e+06  -9.9690653e+04
   4.2415648e+05   4.1615925e+06  -9.9893208e+04
   4.3577279e+05   4.1817974e+06  -9.9733155e+04
   4.4565031e+05   4.2127191e+06  -9.9728876e+04
   4.4923158e+05   4.2251257e+06  -9.9861492e+04
   4.5721573e+05   4.2464324e+06  -9.9795980e+04
   4.6516298e+05   4.2686961e+06  -9.9968367e+04
   4.6873365e+05   4.2919416e+06  -9.9674854e+04
   4.7663510e+05   4.3242331e+06  -9.9950786e+04
   4.8360007e+05   4.3503473e+06  -9.9594569e+04
   4.8879665e+05   4.3720309e+06  -9.9554726e+04
   4.9568552e+05   4.4092229e+06  -9.9870283e+04
   4.9995751e+05   4.4548330e+06  -9.9995364e+04
   5.0586169e+05   4.5062494e+06  -9.9735650e+04
   5.1003079e+05   4.5641241e+06  -9.9994016e+04
   5.1077050e+05   4.6083033e+06   0.0000000e+00
   5.2478901e+05   4.6429895e+06   0.0000000e+00
   5.4117804e+05   4.6712864e+06   0.0000000e+00
   5.7054159e+05   4.7026969e+06   0.0000000e+00
   6.1288068e+05   4.7241196e+06   0.0000000e+00
   6.3957666e+05   4.7398228e+06   0.0000000e+00
   6.7353296e+05   4.7539403e+06   0.0000000e+00
   7.1624160e+05   4.7704435e+06  -9.9634572e+04
   7.5960366e+05   4.7863267e+06  -9.9807929e+04
   7.8832639e+05   4.7990093e+06  -9.9968179e+04
   8.2085486e+05   4.8149125e+06  -9.9872440e+04
   8.4441501e+05   4.8295859e+06   0.0000000e+00
   8.6621167e+05   4.8452512e+06  -1.0000000e+05
   9.5803688e+05   4.7249233e+06   0.0000000e+00
   9.0481803e+05   4.8130637e+06   0.0000000e+00
   5.5278161e+05   3.8369651e+06  -1.9961292e+04
   5.2134155e+05   3.8718514e+06  -2.4992432e+04
   4.8006498e+05   3.9100973e+06  -3.0000635e+04
   4.5229610e+05   3.9294313e+06  -3.4999448e+04
   3.9957399e+05   3.9591061e+06  -7.0007629e+04
   6.0109715e+05   3.7917605e+06   0.0000000e+00
   6.0362125e+05   3.8065655e+06   0.0000000e+00
   6.0611823e+05   3.8213757e+06   0.0000000e+00
   6.0856820e+05   3.8361940e+06   0.0000000e+00
   6.1090479e+05   3.8510297e+06   0.0000000e+00
   6.1283857e+05   3.8659221e+06   0.0000000e+00
   6.1461253e+05   3.8808347e+06   0.0000000e+00
   6.1716249e+05   3.8956334e+06   0.0000000e+00
   6.2018399e+05   3.9103442e+06   0.0000000e+00
   6.2295724e+05   3.9251015e+06   0.0000000e+00
   6.2539886e+05   3.9399194e+06   0.0000000e+00
   6.2875475e+05   3.9545516e+06   0.0000000e+00
   6.3392845e+05   3.9686393e+06   0.0000000e+00
   6.4040945e+05   3.9821840e+06   0.0000000e+00
   6.4755609e+05   3.9953923e+06   0.0000000e+00
   6.5499058e+05   4.0084413e+06   0.0000000e+00
   6.6298407e+05   4.0211540e+06   0.0000000e+00
   6.7132597e+05   4.0336429e+06   0.0000000e+00
   6.7952162e+05   4.0462278e+06   0.0000000e+00
   6.8709015e+05   4.0591996e+06   0.0000000e+00
   6.9420629e+05   4.0724245e+06   0.0000000e+00
   7.0166936e+05   4.0854530e+06   0.0000000e+00
   7.0927367e+05   4.0984004e+06   0.0000000e+00
   7.1562708e+05   4.1119992e+06   0.0000000e+00
   7.2073311e+05   4.1261194e+06   0.0000000e+00
   7.2526601e+05   4.1404362e+06   0.0000000e+00
   7.2951429e+05   4.1548409e+06   0.0000000e+00
   7.3361511e+05   4.1692886e+06   0.0000000e+00
   7.3766542e+05   4.1837510e+06   0.0000000e+00
   7.4162699e+05   4.1982373e+06   0.0000000e+00
   7.4543592e+05   4.2127647e+06   0.0000000e+00
   7.4913769e+05   4.2273198e+06   0.0000000e+00
   7.5277331e+05   4.2418917e+06   0.0000000e+00
   7.5638359e+05   4.2564699e+06   0.0000000e+00
   7.6010084e+05   4.2710211e+06   0.0000000e+00
   7.6387363e+05   4.2855580e+06   0.0000000e+00
   7.6749202e+05   4.3001340e+06   0.0000000e+00
   7.7072287e+05   4.3148001e+06   0.0000000e+00
   7.7329841e+05   4.3295945e+06   0.0000000e+00
   7.7510900e+05   4.3445022e+06   0.0000000e+00
   7.7637067e+05   4.3594672e+06   0.0000000e+00
   7.7736665e+05   4.3744527e+06   0.0000000e+00
   7.7841146e+05   4.3894347e+06   0.0000000e+00
   7.7922151e+05   4.4044304e+06   0.0000000e+00
   7.7974170e+05   4.4194400e+06   0.0000000e+00
   7.8051271e+05   4.4344381e+06   0.0000000e+00
   7.8220968e+05   4.4493556e+06   0.0000000e+00
   7.8562463e+05   4.4639714e+06   0.0000000e+00
   7.9031183e+05   4.4782382e+06   0.0000000e+00
   7.9502122e+05   4.4924975e+06   0.0000000e+00
   7.9793279e+05   4.5072021e+06   0.0000000e+00
   7.9887855e+05   4.5221898e+06   0.0000000e+00
   8.0215278e+05   4.5367882e+06   0.0000000e+00
   8.0979290e+05   4.5496711e+06   0.0000000e+00
   8.1941646e+05   4.5611908e+06   0.0000000e+00
   8.2998216e+05   4.5718597e+06   0.0000000e+00
   8.4114208e+05   4.5819077e+06   0.0000000e+00
   8.5279664e+05   4.5913750e+06   0.0000000e+00
   8.6520826e+05   4.5998242e+06   0.0000000e+00
   8.7804671e+05   4.6076153e+06   0.0000000e+00
   8.9103290e+05   4.6151600e+06   0.0000000e+00
   9.0389424e+05   4.6229146e+06   0.0000000e+00
   9.1638173e+05   4.6312598e+06   0.0000000e+00
   9.2863210e+05   4.6399474e+06   0.0000000e+00
   9.4061432e+05   4.6489999e+06   0.0000000e+00
   9.5234037e+05   4.6583822e+06   0.0000000e+00
   9.6388272e+05   4.6679906e+06   0.0000000e+00
   3.6032941e+05   3.9786339e+06  -1.0000000e+05
   3.5953769e+05   3.9936538e+06  -1.0000000e+05
   3.6135682e+05   4.0085845e+06  -1.0000000e+05
   3.6458295e+05   4.0232881e+06  -1.0000000e+05
   3.6843165e+05   4.0378441e+06  -1.0000000e+05
   3.7284564e+05   4.0522365e+06  -1.0000000e+05
   3.7833195e+05   4.0662522e+06  -1.0000000e+05
   3.8509622e+05   4.0796947e+06  -1.0000000e+05
   3.9284477e+05   4.0926023e+06  -1.0000000e+05
   4.0113040e+05   4.1051642e+06  -1.0000000e+05
   4.0983652e+05   4.1174379e+06  -1.0000000e+05
   4.1584114e+05   4.1311969e+06  -1.0000000e+05
   4.1966450e+05   4.1457564e+06  -1.0000000e+05
   4.2366372e+05   4.1602664e+06  -1.0000000e+05
   4.3093391e+05   4.1733803e+06  -1.0000000e+05
   4.3767177e+05   4.1867685e+06  -1.0000000e+05
   4.4222110e+05   4.2011183e+06  -1.0000000e+05
   4.4650306e+05   4.2155553e+06  -1.0000000e+05
   4.5096288e+05   4.2299221e+06  -1.0000000e+05
   4.5631364e+05   4.2439945e+06  -1.0000000e+05
   4.6169727e+05   4.2580543e+06  -1.0000000e+05
   4.6597176e+05   4.2724675e+06  -1.0000000e+05
   4.6791717e+05   4.2873942e+06  -1.0000000e+05
   4.7104543e+05   4.3021155e+06  -1.0000000e+05
   4.7471015e+05   4.3167183e+06  -1.0000000e+05
   4.7848225e+05   4.3312946e+06  -1.0000000e+05
   4.8242051e+05   4.3458266e+06  -1.0000000e+05
   4.8618059e+05   4.3604061e+06  -1.0000000e+05
   4.8943269e+05   4.3751030e+06  -1.0000000e+05
   4.9243932e+05   4.3898542e+06  -1.0000000e+05
   4.9503292e+05   4.4046834e+06  -1.0000000e+05
   4.9687262e+05   4.4196239e+06  -1.0000000e+05
   4.9816473e+05   4.4346234e+06  -1.0000000e+05
   4.9944063e+05   4.4496246e+06  -1.0000000e+05
   5.0105588e+05   4.4645928e+06  -1.0000000e+05
   5.0288667e+05   4.4795364e+06  -1.0000000e+05
   5.0465823e+05   4.4944872e+06  -1.0000000e+05
   5.0615412e+05   4.5094676e+06  -1.0000000e+05
   5.0741984e+05   4.5244693e+06  -1.0000000e+05
   5.0854311e+05   4.5394830e+06  -1.0000000e+05
   5.0951436e+05   4.5545079e+06  -1.0000000e+05
   5.1018912e+05   4.5695483e+06  -1.0000000e+05
   5.0988790e+05   4.5846002e+06  -1.0000000e+05
   5.0979247e+05   4.5996513e+06  -1.0000000e+05
   5.1224200e+05   4.6144700e+06  -1.0000000e+05
   5.1765385e+05   4.6285034e+06  -1.0000000e+05
   5.2431147e+05   4.6420069e+06  -1.0000000e+05
   5.3101316e+05   4.6554883e+06  -1.0000000e+05
   5.3894117e+05   4.6682733e+06  -1.0000000e+05
   5.4813609e+05   4.6801919e+06  -1.0000000e+05
   5.5802984e+05   4.6915336e+06  -1.0000000e+05
   5.6915838e+05   4.7016535e+06  -1.0000000e+05
   5.8192294e+05   4.7095954e+06  -1.0000000e+05
   5.9553028e+05   4.7160329e+06  -1.0000000e+05
   6.0923741e+05   4.7222614e+06  -1.0000000e+05
   6.2235525e+05   4.7296400e+06  -1.0000000e+05
   6.3517811e+05   4.7375248e+06  -1.0000000e+05
   6.4875533e+05   4.7440144e+06  -1.0000000e+05
   6.6270666e+05   4.7496711e+06  -1.0000000e+05
   6.7670787e+05   4.7552040e+06  -1.0000000e+05
   6.9072445e+05   4.7606982e+06  -1.0000000e+05
   7.0477704e+05   4.7661009e+06  -1.0000000e+05
   7.1886092e+05   4.7714221e+06  -1.0000000e+05
   7.3301382e+05   4.7765557e+06  -1.0000000e+05
   7.4718311e+05   4.7816462e+06  -1.0000000e+05
   7.6126025e+05   4.7869870e+06  -1.0000000e+05
   7.7511482e+05   4.7928797e+06  -1.0000000e+05
   7.8877074e+05   4.7992167e+06  -1.0000000e+05
   8.0239288e+05   4.8056266e+06  -1.0000000e+05
   8.1589419e+05   4.8122886e+06  -1.0000000e+05
   8.2904276e+05   4.8196183e+06  -1.0000000e+05
   8.4169985e+05   4.8277689e+06  -1.0000000e+05
   8.5406068e+05   4.8363618e+06  -1.0000000e+05
   9.7067069e+05   4.6909047e+06  -5.5442086e+03
   9.6596128e+05   4.7042456e+06  -1.1063124e+04
   9.6105037e+05   4.7174708e+06  -1.6682609e+04
   9.5571113e+05   4.7304359e+06  -2.2513069e+04
   9.5011405e+05   4.7432345e+06  -2.8468561e+04
   9.4395919e+05   4.7556429e+06  -3.4688615e+04
   9.3710933e+05   4.7675118e+06  -4.1227713e+04
   9.2988341e+05   4.7790622e+06  -4.7934219e+04
   9.2237115e+05   4.7903540e+06  -5.4765011e+04
   9.1448428e+05   4.8012871e+06  -6.1754353e+04
   9.0606397e+05   4.8116652e+06  -6.8960765e+04
   8.9680616e+05   4.8210513e+06  -7.6484135e+04
   8.8678370e+05   4.8293875e+06  -8.4268398e+04
   8.7643699e+05   4.8372235e+06  -9.2152450e+04
   5.8951310e+05   3.7889263e+06  -4.0894387e+03
   5.8051231e+05   3.8009092e+06  -8.2803785e+03
   5.7149124e+05   3.8128883e+06  -1.2438381e+04
   5.6235910e+05   3.8248454e+06  -1.6413020e+04
   5.5296570e+05   3.8367387e+06  -1.9940177e+04
   5.4315125e+05   3.8485353e+06  -2.2500657e+04
   5.3280090e+05   3.8600748e+06  -2.3821120e+04
   5.2198322e+05   3.8712057e+06  -2.4913359e+04
   5.1092991e+05   3.8820697e+06  -2.6304940e+04
   4.9964909e+05   3.8927110e+06  -2.7593351e+04
   4.8816066e+05   3.9031215e+06  -2.8932650e+04
   4.7630717e+05   3.9130661e+06  -3.0556333e+04
   4.6338710e+05   3.9214554e+06  -3.2700478e+04
   4.5117462e+05   3.9306376e+06  -3.5247631e+04
   4.4432684e+05   3.9444784e+06  -3.6393021e+04
   4.3455030e+05   3.9528375e+06  -4.2455403e+04
   4.2244763e+05   3.9558806e+06  -5.1722613e+04
   4.1036986e+05   3.9576083e+06  -6.1381546e+04
   3.9827549e+05   3.9593148e+06  -7.1024035e+04
   3.8615589e+05   3.9609698e+06  -8.0643727e+04
   3.7404427e+05   3.9623123e+06  -9.0322868e+04
   5.9499289e+05   3.8327383e+06  -3.0278059e+03
   6.2544999e+05   4.4269662e+06  -3.0540160e+04
   5.7281374e+05   4.0816702e+06  -2.3559390e+04
   5.8510088e+05   3.9802246e+06  -1.0370850e+04
   4.2447742e+05   4.1006861e+06  -8.6401816e+04
   6.2982217e+05   4.2042999e+06  -2.0233321e+04
   6.2856646e+05   4.5647847e+06  -3.6538026e+04
   5.8954155e+05   3.8143873e+06  -4.4552303e+03
   3.7504490e+05   4.0142065e+06  -9.1641140e+04
   6.0686478e+05   3.9714104e+06  -5.6301168e+03
   4.1172498e+05   4.1030641e+06  -9.4101457e+04
   5.6820115e+05   3.8409809e+06  -1.4421212e+04
   6.9472873e+05   4.5107649e+06  -1.6890809e+04
   7.6442456e+05   4.3934393e+06  -1.8496606e+03
   8.3039399e+05   4.7899557e+06  -8.2294357e+04
   4.3777903e+05   4.0994234e+06  -7.8641257e+04
   6.7549997e+05   4.1929460e+06  -1.0527559e+04
   6.3367649e+05   4.3101702e+06  -2.4144391e+04
   6.1965019e+05   4.1414946e+06  -1.6645209e+04
   5.8439254e+05   4.5656776e+06  -5.5297907e+04
   6.7044208e+05   4.4061721e+06  -1.8142075e+04
   7.2918117e+05   4.4505957e+06  -9.7729954e+03
   6.6527419e+05   4.2543385e+06  -1.5419081e+04
   6.0529491e+05   4.2460266e+06  -2.8766565e+04
   5.5047499e+05   3.9073705e+06  -1.5018658e+04
   7.1901106e+05   4.6636585e+06  -3.6222034e+04
   6.2000842e+05   4.5043089e+06  -3.6050219e+04
   5.9951176e+05   4.5205994e+06  -4.4454823e+04
   9.1591792e+05   4.6888524e+06  -1.2983081e+04
   5.9533331e+05   3.9258881e+06  -5.3736416e+03
   5.0261861e+05   3.9973912e+06  -2.8274619e+04
   5.5403892e+05   4.1859720e+06  -3.8767898e+04
   5.6299660e+05   4.1154456e+06  -2.9348751e+04
   6.1333138e+05   3.9479504e+06  -2.7348951e+03
   6.2788103e+05   4.0229688e+06  -6.4388055e+03
   5.0330575e+05   4.2797374e+06  -7.7908197e+04
   4.4981699e+05   4.1101101e+06  -7.5769907e+04
   6.8718262e+05   4.6915289e+06  -5.5986032e+04
   6.9685012e+05   4.5800464e+06  -2.1771463e+04
   4.1166863e+05   3.9774549e+06  -6.0031693e+04
   5.9298132e+05   3.8010987e+06  -3.0198538e+03
   5.0510401e+05   3.9577608e+06  -2.5823701e+04
   7.0084670e+05   4.1258535e+06  -1.8900212e+03
   6.3827617e+05   4.1526632e+06  -1.3321635e+04
   6.9512925e+05   4.0981668e+06  -1.3872431e+03
   5.6125808e+05   4.5061827e+06  -6.4800558e+04
   7.6672698e+05   4.7417315e+06  -6.9558208e+04
   8.6718976e+05   4.7756510e+06  -6.2285810e+04
   9.0010298e+05   4.7107643e+06  -2.3887245e+04
   8.6820644e+05   4.7893094e+06  -6.9766651e+04
   8.6127085e+05   4.8155903e+06  -8.6809990e+04
   9.5575399e+05   4.6913126e+06  -7.9903380e+03
   4.2258998e+05   4.0663380e+06  -7.5946595e+04
   5.3059053e+05   4.1354478e+06  -4.0902652e+04
   5.8008619e+05   4.2455170e+06  -3.5781574e+04
   5.7240328e+05   4.1858367e+06  -3.2967875e+04
   5.9135586e+05   4.1547363e+06  -2.4793097e+04
   5.6309598e+05   4.4491996e+06  -6.1653303e+04
   5.3744714e+05   4.3496264e+06  -6.4463781e+04
   5.9950739e+05   4.5657008e+06  -4.7692070e+04
   7.3260788e+05   4.2224361e+06  -2.3433883e+03
   7.4593613e+05   4.3301725e+06  -3.5632265e+03
   7.0168966e+05   4.2387365e+06  -7.9593863e+03
   6.9289323e+05   4.3879435e+06  -1.2742444e+04
   7.1335630e+05   4.4042923e+06  -9.7292630e+03
   7.1351695e+05   4.4765206e+06  -1.3498456e+04
   6.4532540e+05   4.2910963e+06  -2.0779514e+04
   6.7467229e+05   4.5352496e+06  -2.2620704e+04
   7.6736888e+05   4.6292054e+06  -2.1717504e+04
   7.1257528e+05   4.5615056e+06  -1.7050993e+04
   6.0764413e+05   4.3726185e+06  -3.2227870e+04
   6.1548104e+05   4.2335523e+06  -2.5485046e+04
   5.9057488e+05   4.2561387e+06  -3.3423104e+04
   6.8442009e+05   4.6191107e+06  -2.9527116e+04
   9.3285799e+05   4.7075260e+06  -1.7278729e+04
   5.9649445e+05   3.9414845e+06  -5.9487284e+03
   5.2680453e+05   3.9732734e+06  -2.1712298e+04
   5.3620895e+05   4.1848393e+06  -4.5291284e+04
   5.7924287e+05   4.1687501e+06  -2.9407156e+04
   5.8327205e+05   4.1980456e+06  -3.1092935e+04
   6.3968067e+05   4.0339711e+06  -5.4352721e+03
   5.2090124e+05   4.3227683e+06  -7.6509674e+04
   5.4525342e+05   4.2901732e+06  -5.4017282e+04
   4.8388876e+05   4.2178977e+06  -7.9820593e+04
   4.0380178e+05   4.0917252e+06  -9.4102017e+04
   7.7702410e+05   4.6093159e+06  -1.5918766e+04
   6.4889509e+05   4.5197812e+06  -2.8289705e+04
   7.2100144e+05   4.4879892e+06  -1.1673862e+04
   6.9038180e+05   4.4331619e+06  -1.6200656e+04
   7.1136657e+05   4.4466254e+06  -1.2948880e+04
   6.7238691e+05   4.5667823e+06  -2.5346324e+04
   7.2736107e+05   4.5896823e+06  -1.7758534e+04
   8.3514591e+05   4.8064124e+06  -9.0539128e+04
   4.2603972e+05   4.0838557e+06  -7.9250779e+04
   5.2391162e+05   4.3741849e+06  -7.5999592e+04
   5.5955415e+05   4.4136387e+06  -5.6931430e+04
   5.7047378e+05   3.9831758e+06  -1.3320037e+04
   6.8647603e+05   4.1581614e+06  -5.8104371e+03
   6.3043639e+05   4.1434288e+06  -1.4369448e+04
   6.1601038e+05   4.0938522e+06  -1.4693171e+04
   6.5402057e+05   4.0331164e+06  -2.7457250e+03
   4.7732052e+05   4.2467354e+06  -8.8971367e+04
   4.0954626e+05   4.0096714e+06  -6.7251977e+04
   5.3400583e+05   4.4557437e+06  -8.3632094e+04
   5.7206012e+05   4.5448857e+06  -6.0842966e+04
   9.0332986e+05   4.6967988e+06  -1.8032529e+04
   7.3242723e+05   4.3399094e+06  -5.5631479e+03
   7.6201825e+05   4.3363090e+06  -1.5069637e+03
   7.4310500e+05   4.2831884e+06  -2.8282872e+03
   5.6912319e+05   3.9255599e+06  -1.1055195e+04
   6.7639040e+05   4.6618349e+06  -4.2493779e+04
   6.3128558e+05   4.6631742e+06  -5.5960906e+04
   5.5884161e+05   3.8602128e+06  -1.6609857e+04
   6.0404543e+05   3.9040314e+06  -3.4495684e+03
   4.8176668e+05   3.9387689e+06  -3.0329025e+04
   3.6894085e+05   3.9763464e+06  -9.3548319e+04
   4.2060433e+05   3.9687671e+06  -5.3353531e+04
   3.9189408e+05   3.9743702e+06  -7.5454413e+04
   3.8299231e+05   4.0008877e+06  -8.3550251e+04
   3.9894298e+05   4.0787914e+06  -9.3903732e+04
   8.9491433e+05   4.7753600e+06  -5.3588771e+04
   8.9365180e+05   4.7886514e+06  -6.0901884e+04
   8.8329525e+05   4.7963786e+06  -6.8482553e+04
   8.4487643e+05   4.7859116e+06  -7.4966557e+04
   7.3635864e+05   4.7037827e+06  -5.2508152e+04
   5.4864758e+05   4.5847862e+06  -8.0382375e+04
   4.5033398e+05   3.9486534e+06  -3.5460476e+04
   5.5472194e+05   4.0521801e+06  -2.2844139e+04
   5.2992552e+05   4.0423051e+06  -2.7321407e+04
   7.2671735e+05   4.1853900e+06  -1.7644269e+03
   7.1474889e+05   4.2414996e+06  -5.8971492e+03
   6.4213545e+05   4.1923586e+06  -1.6722567e+04
   6.6079574e+05   4.1958549e+06  -1.3376071e+04
   6.9571134e+05   4.3117511e+06  -1.1075829e+04
   6.8677650e+05   4.2333479e+06  -1.0345114e+04
   6.8421023e+05   4.1288610e+06  -4.0253117e+03
   6.5418378e+05   4.1527348e+06  -1.0253526e+04
   6.3044732e+05   4.3412236e+06  -2.5534365e+04
   6.3529990e+05   4.2182630e+06  -2.0023494e+04
   6.4105042e+05   4.2482624e+06  -2.0215238e+04
   6.2183150e+05   4.2464000e+06  -2.4595029e+04
   6.4590586e+05   4.3199826e+06  -2.1564301e+04
   6.6844674e+05   4.3723472e+06  -1.6942806e+04
   6.0637892e+05   4.1443685e+06  -2.0041600e+04
   5.2473647e+05   4.4450954e+06  -8.7804524e+04
   6.0176550e+05   4.5497791e+06  -4.5495320e+04
   7.0199786e+05   4.3406684e+06  -1.0288236e+04
   6.4075000e+05   4.4013608e+06  -2.4928330e+04
   6.7662425e+05   4.4337011e+06  -1.8984649e+04
   6.3525604e+05   4.3669385e+06  -2.4441720e+04
   6.5575975e+05   4.3440303e+06  -1.9354188e+04
   6.5841400e+05   4.5729436e+06  -2.8965952e+04
   6.8462884e+05   4.5925744e+06  -2.5488628e+04
   6.6227956e+05   4.5436024e+06  -2.6011767e+04
   6.6543797e+05   4.5114519e+06  -2.3519288e+04
   6.8519052e+05   4.5567816e+06  -2.1813287e+04
   7.0596001e+05   4.5724758e+06  -1.9321492e+04
   6.2366454e+05   4.3755804e+06  -2.7769965e+04
   6.2009341e+05   4.3199269e+06  -2.8078093e+04
   6.1667051e+05   4.3476770e+06  -2.9215861e+04
   6.1666067e+05   4.2178577e+06  -2.4235961e+04
   6.0174510e+05   4.2282158e+06  -2.8631776e+04
   5.8959144e+05   4.2384716e+06  -3.2577372e+04
   7.1494807e+05   4.6806013e+06  -4.4204429e+04
   6.8719607e+05   4.6493682e+06  -3.6302859e+04
   6.3397334e+05   4.6319179e+06  -4.0064317e+04
   6.5831220e+05   4.6333501e+06  -3.7551975e+04
   6.7309197e+05   4.6233721e+06  -3.2618073e+04
   9.4356131e+05   4.7240119e+06  -2.2366074e+04
   5.5866104e+05   4.2803330e+06  -4.6042693e+04
   5.6779701e+05   4.0653487e+06  -2.1475904e+04
   4.7148014e+05   4.0010594e+06  -3.5380923e+04
   5.3867281e+05   4.0682538e+06  -2.8103235e+04
   5.1194616e+05   4.0366154e+06  -3.0817783e+04
   5.4558296e+05   4.2009072e+06  -4.3299044e+04
   5.6036948e+05   4.1716644e+06  -3.5389912e+04
   5.7976666e+05   4.1062000e+06  -2.4085784e+04
   5.7895786e+05   4.1239780e+06  -2.5727928e+04
   6.1111018e+05   4.1996474e+06  -2.4083591e+04
   5.9717839e+05   4.1937581e+06  -2.6998504e+04
   5.8443088e+05   4.0563817e+06  -1.7558493e+04
   4.7877073e+05   4.0401292e+06  -3.9079141e+04
   4.9794499e+05   4.2286270e+06  -7.3095270e+04
   5.0945038e+05   4.2669535e+06  -7.2085887e+04
   5.2294422e+05   4.2381836e+06  -6.0175724e+04
   6.5412765e+05   4.6926782e+06  -6.5283460e+04
   7.0888457e+05   4.4986130e+06  -1.3762173e+04
   7.1261410e+05   4.5335735e+06  -1.4419962e+04
   7.0494874e+05   4.3716314e+06  -1.0088427e+04
   7.0293460e+05   4.4202798e+06  -1.2563620e+04
   6.9487795e+05   4.4558046e+06  -1.5486228e+04
   7.1576802e+05   4.4290683e+06  -1.1111450e+04
   7.0114989e+05   4.5474404e+06  -1.7757692e+04
   4.1228844e+05   4.0734542e+06  -8.4401109e+04
   5.6909475e+05   4.2715136e+06  -4.0976928e+04
   5.1839631e+05   4.3365777e+06  -7.6388245e+04
   5.4068820e+05   4.3873738e+06  -6.5334430e+04
   6.2319949e+05   4.1889252e+06  -2.0381483e+04
   6.2475618e+05   4.0857911e+06  -1.2323910e+04
   5.9549058e+05   3.9859522e+06  -8.8353900e+03
   6.5601483e+05   4.0931314e+06  -6.9004968e+03
   6.2845393e+05   4.0723844e+06  -1.0594262e+04
   3.8133709e+05   3.9843823e+06  -8.3450812e+04
   5.6783481e+05   4.4780634e+06  -5.8832166e+04
   5.5931155e+05   4.5492290e+06  -6.8860656e+04
   5.5317896e+05   4.4734028e+06  -6.9446040e+04
   5.8661632e+05   4.5511138e+06  -5.3074789e+04
   5.3261296e+05   4.5604002e+06  -8.6316454e+04
   9.1636228e+05   4.7058850e+06  -1.8834398e+04
   7.2449686e+05   4.3055354e+06  -6.1798433e+03
   7.3515653e+05   4.2546400e+06  -3.1642649e+03
   7.4352245e+05   4.3098547e+06  -3.5245471e+03
   4.6584403e+05   4.1191156e+06  -6.8811521e+04
   4.4163577e+05   4.0857561e+06  -7.1216898e+04
   6.5870802e+05   4.6678194e+06  -4.9590774e+04
   5.4723657e+05   4.6009585e+06  -8.3652082e+04
   5.0691930e+05   4.3273959e+06  -8.5696664e+04
   4.9722622e+05   4.2966715e+06  -8.4049296e+04
   8.7167192e+05   4.7446487e+06  -4.4479523e+04
   5.1711117e+05   4.4814265e+06  -9.2795950e+04
   8.5660388e+05   4.7822989e+06  -6.9224712e+04
   5.4116702e+05   4.6532231e+06  -9.4004286e+04
   7.7370075e+05   4.4748065e+06  -2.5193968e+03
   8.7083984e+05   4.8041634e+06  -7.7141315e+04
   8.3166991e+05   4.6066333e+06  -6.5245765e+03
   3.8566357e+05   4.0547518e+06  -9.5766628e+04
   4.6139336e+05   4.0799069e+06  -5.8572784e+04
   7.9133303e+05   4.5982611e+06  -1.1495380e+04
   6.4428795e+05   4.0491357e+06  -5.8196830e+03
   6.4505798e+05   4.0200323e+06  -3.1225281e+03
   6.0429053e+05   4.6308051e+06  -5.3864467e+04
   5.7626951e+05   4.6063311e+06  -6.4490001e+04
   8.1686977e+05   4.7986640e+06  -9.1583084e+04
   8.5213896e+05   4.8063479e+06  -8.4746755e+04
   8.6643228e+05   4.6362302e+06  -7.4883923e+03
   8.5232370e+05   4.6413203e+06  -1.1388805e+04
   8.1771443e+05   4.6174513e+06  -1.1111846e+04
   8.0065606e+05   4.6117190e+06  -1.2495138e+04
   6.0593054e+05   4.1012767e+06  -1.7503880e+04
   6.0391533e+05   4.0858321e+06  -1.6708415e+04
   6.2831598e+05   4.0407033e+06  -8.2232795e+03
   3.7033716e+05   3.9965667e+06  -9.2232583e+04
   4.9384063e+05   4.2471679e+06  -7.9328407e+04
   5.0449659e+05   4.2551377e+06  -7.3930812e+04
   4.7016258e+05   4.2174745e+06  -8.7661117e+04
   5.5826194e+05   4.6252128e+06  -7.7465969e+04
   5.6890704e+05   4.6840160e+06  -9.1863168e+04
   8.4704486e+05   4.8188625e+06  -9.3443942e+04
   5.5363688e+05   3.9250497e+06  -1.4479968e+04
   4.5987645e+05   4.0897937e+06  -6.2933623e+04
   6.1784146e+05   3.9625546e+06  -2.8189134e+03
   6.2060135e+05   4.6561935e+06  -5.6394442e+04
   5.7378603e+05   4.6243483e+06  -6.8672527e+04
   5.4337144e+05   4.6243381e+06  -8.6374130e+04
   4.4308106e+05   3.9954957e+06  -4.2557305e+04
   3.9925382e+05   4.0611963e+06  -9.1806047e+04
   5.4585168e+05   3.8654303e+06  -1.9563077e+04
   7.8518366e+05   4.5036299e+06  -1.6839042e+03
   4.9628203e+05   3.9462609e+06  -2.7392574e+04
   7.0287454e+05   4.1623725e+06  -3.8734578e+03
   5.3716982e+05   3.8783610e+06  -2.0677210e+04
   4.1359802e+05   3.9931195e+06  -6.0362378e+04
   5.7820825e+05   3.8284711e+06  -9.2233805e+03
   4.8172598e+05   4.2904072e+06  -9.2631739e+04
   9.2034933e+05   4.7723157e+06  -4.6338701e+04
   6.9662246e+05   4.7060818e+06  -6.3364648e+04
   9.0753714e+05   4.7861887e+06  -5.5645188e+04
   8.9829386e+05   4.8030436e+06  -6.6982320e+04
   8.8628330e+05   4.8096317e+06  -7.4498470e+04
   8.5429885e+05   4.7938269e+06  -7.6740811e+04
   7.6668138e+05   4.7548004e+06  -7.8485890e+04
   9.3433091e+05   4.7399024e+06  -2.9607720e+04
   7.5702013e+05   4.3068353e+06  -1.6089789e+03
   8.7720848e+05   4.8207052e+06  -8.3713629e+04
   9.4950685e+05   4.7068059e+06  -1.5233438e+04
   9.0948673e+05   4.6579479e+06  -5.8095663e+03
   7.7185811e+05   4.7793030e+06  -9.2946109e+04
   9.4909354e+05   4.6749985e+06  -4.5413071e+03
   8.2724029e+05   4.7072044e+06  -3.6759078e+04
   5.1595547e+05   4.2836377e+06  -7.0649189e+04
   5.4770854e+05   4.0974703e+06  -3.1124643e+04
   7.2001656e+05   4.1671265e+06  -1.7969211e+03
   6.7059810e+05   4.2088651e+06  -1.2375114e+04
   6.6821894e+05   4.1801800e+06  -1.0799751e+04
   6.7209312e+05   4.1539960e+06  -7.4930908e+03
   6.3003373e+05   4.2321872e+06  -2.1925603e+04
   6.2828980e+05   4.2618839e+06  -2.3894245e+04
   6.1360481e+05   4.4550535e+06  -3.5122530e+04
   5.9851400e+05   4.5069219e+06  -4.4088986e+04
   6.1387975e+05   4.5560016e+06  -4.0922868e+04
   5.9719467e+05   4.5355367e+06  -4.6660158e+04
   7.0775628e+05   4.3549771e+06  -9.4404279e+03
   6.8647639e+05   4.2169221e+06  -9.7541618e+03
   6.9837814e+05   4.2255512e+06  -7.9923538e+03
   7.0380773e+05   4.2573042e+06  -8.3904085e+03
   7.2092762e+05   4.2581230e+06  -5.5498028e+03
   6.8914176e+05   4.2497665e+06  -1.0647983e+04
   6.3125612e+05   4.4152529e+06  -2.8211946e+04
   6.7002975e+05   4.4434225e+06  -2.0721733e+04
   6.5625536e+05   4.4083955e+06  -2.1480439e+04
   6.8331849e+05   4.4188367e+06  -1.6122831e+04
   6.7568045e+05   4.3881639e+06  -1.6107179e+04
   6.8526075e+05   4.3703533e+06  -1.3560278e+04
   6.8453732e+05   4.4464398e+06  -1.7828069e+04
   6.3436201e+05   4.3284515e+06  -2.4557897e+04
   6.4171037e+05   4.3430766e+06  -2.2676034e+04
   6.3157913e+05   4.3533696e+06  -2.5140444e+04
   6.5826761e+05   4.2428664e+06  -1.6255289e+04
   6.7871110e+05   4.3167567e+06  -1.4404097e+04
   6.8307811e+05   4.3025804e+06  -1.3145574e+04
   6.6760399e+05   4.3066704e+06  -1.6315669e+04
   6.6233462e+05   4.2253600e+06  -1.4665269e+04
   6.7380432e+05   4.2411874e+06  -1.3096418e+04
   6.2611674e+05   4.2929352e+06  -2.5491431e+04
   6.5153084e+05   4.3068184e+06  -1.9796724e+04
   6.6211106e+05   4.2807784e+06  -1.6850703e+04
   6.3364555e+05   4.2773592e+06  -2.3192781e+04
   6.6010313e+05   4.3199350e+06  -1.8353278e+04
   6.6001324e+05   4.2945737e+06  -1.7630719e+04
   8.8320619e+05   4.7108188e+06  -2.7523093e+04
   8.8980273e+05   4.6967400e+06  -2.0851868e+04
   6.9063671e+05   4.6086542e+06  -2.6564754e+04
   6.5957042e+05   4.5593719e+06  -2.7760351e+04
   7.0092865e+05   4.5985025e+06  -2.3244614e+04
   6.8425626e+05   4.5739958e+06  -2.3456540e+04
   6.4494469e+05   4.5673047e+06  -3.1993111e+04
   6.6398444e+05   4.5280706e+06  -2.4871737e+04
   6.7352623e+05   4.5502781e+06  -2.3740319e+04
   6.7895626e+05   4.5222437e+06  -2.0989132e+04
   7.1090799e+05   4.5880237e+06  -2.0219409e+04
   7.2007977e+05   4.5750118e+06  -1.7236616e+04
   6.1407570e+05   4.3876543e+06  -3.1220440e+04
   9.2854073e+05   4.7554981e+06  -3.7132067e+04
   8.7414299e+05   4.7233501e+06  -3.4612210e+04
   8.4133479e+05   4.7223292e+06  -4.0670042e+04
   7.6048922e+05   4.4471944e+06  -4.2168361e+03
   5.2299651e+05   4.3043489e+06  -6.8507586e+04
   7.6656903e+05   4.7282755e+06  -6.0600806e+04
   7.9551495e+05   4.7320636e+06  -5.6427707e+04
   7.7781503e+05   4.7173194e+06  -5.1288400e+04
   6.0808670e+05   4.6611708e+06  -6.3832536e+04
   6.3611731e+05   4.6893421e+06  -6.9811518e+04
   7.9275766e+05   4.6760777e+06  -2.9582065e+04
   8.1608604e+05   4.6829786e+06  -2.9063484e+04
   6.3587058e+05   4.4398253e+06  -2.8434474e+04
   6.7996172e+05   4.5066324e+06  -1.9907174e+04
   6.6565961e+05   4.4237516e+06  -2.0279582e+04
   6.9877226e+05   4.5639641e+06  -1.9767962e+04
   5.2682148e+05   4.3898798e+06  -7.5635065e+04
   5.2624877e+05   4.3601439e+06  -7.2238875e+04
   5.7075986e+05   4.3882999e+06  -4.6897106e+04
   8.4350519e+05   4.6706080e+06  -2.0974410e+04
   7.1675834e+05   4.3322916e+06  -7.8867018e+03
   5.3994624e+05   4.5714324e+06  -8.2776246e+04
   6.3095295e+05   4.1020421e+06  -1.2118130e+04
   4.9867657e+05   3.9296794e+06  -2.6520731e+04
   7.0920874e+05   4.1801201e+06  -4.1832912e+03
   5.0880746e+05   4.4124914e+06  -9.1817437e+04
   8.1309563e+05   4.7359904e+06  -5.4060286e+04
   5.2123353e+05   4.5594524e+06  -9.3218211e+04
   5.9875375e+05   3.9585406e+06  -6.5149008e+03
   9.1777825e+05   4.6459986e+06  -2.1647737e+03
   6.6835921e+05   4.5844742e+06  -2.7874313e+04
   6.1815662e+05   4.3620277e+06  -2.8849313e+04
   6.1562164e+05   4.3060899e+06  -2.8731724e+04
   5.7226392e+05   4.2281222e+06  -3.6839418e+04
   7.4785991e+05   4.6732179e+06  -3.6925011e+04
   7.1100092e+05   4.6528688e+06  -3.3679581e+04
   7.2940437e+05   4.6771045e+06  -4.0449706e+04
   6.8629131e+05   4.6333056e+06  -3.2193686e+04
   6.3270015e+05   4.4956560e+06  -3.1748046e+04
   6.2987980e+05   4.6467694e+06  -4.8072193e+04
   6.3248823e+05   4.6180619e+06  -3.8381529e+04
   6.1842062e+05   4.5962360e+06  -4.2171098e+04
   6.4596035e+05   4.6234286e+06  -3.7058219e+04
   6.6005871e+05   4.6151078e+06  -3.3920248e+04
   4.6991324e+05   4.0123333e+06  -3.6855298e+04
   5.7974575e+05   4.0926345e+06  -2.2752646e+04
   5.9752541e+05   4.1135509e+06  -2.0306879e+04
   5.7194946e+05   4.1399816e+06  -2.8921290e+04
   6.2937944e+05   3.9938680e+06  -3.2772135e+03
   4.9564750e+05   4.0465481e+06  -3.6381568e+04
   5.0905618e+05   4.2161440e+06  -6.4159710e+04
   5.3714630e+05   4.3027843e+06  -5.9834783e+04
   5.3667795e+05   4.3197464e+06  -6.5395494e+04
   4.9533676e+05   4.1917094e+06  -6.7748155e+04
   7.2230610e+05   4.6941320e+06  -5.0171783e+04
   6.9929429e+05   4.6816822e+06  -4.7796120e+04
   7.6080833e+05   4.7117641e+06  -5.1930907e+04
   7.9438505e+05   4.7093018e+06  -4.3346323e+04
   5.8041572e+05   4.6589186e+06  -7.5767715e+04
   7.4788565e+05   4.5916142e+06  -1.5093426e+04
   6.9130822e+05   4.4950024e+06  -1.7521661e+04
   7.2872151e+05   4.5404530e+06  -1.2100310e+04
   7.1062590e+05   4.5155636e+06  -1.4060674e+04
   6.9727471e+05   4.5275299e+06  -1.7277334e+04
   7.1812810e+05   4.5469856e+06  -1.4619039e+04
   7.1921417e+05   4.4634946e+06  -1.1773198e+04
   6.9324965e+05   4.3549762e+06  -1.1921904e+04
   7.0311896e+05   4.4351343e+06  -1.3973874e+04
   7.2466647e+05   4.4360516e+06  -1.0136653e+04
   6.8522760e+05   4.5398317e+06  -2.0340380e+04
   7.4454584e+05   4.4544921e+06  -7.1072331e+03
   7.3806039e+05   4.4364066e+06  -7.7806630e+03
   7.7433306e+05   4.5279348e+06  -3.8011358e+03
   6.4468953e+05   4.7310671e+06  -9.3494282e+04
   6.8415869e+05   4.7319958e+06  -8.3930991e+04
   4.1163659e+05   4.0862825e+06  -8.7868056e+04
   5.7487049e+05   4.4639647e+06  -5.4975117e+04
   5.6255272e+05   4.4631636e+06  -6.3667686e+04
   5.5691456e+05   4.3968162e+06  -5.6198213e+04
   5.5451719e+05   4.3629896e+06  -5.3709664e+04
   5.9748447e+05   4.3870630e+06  -3.6238414e+04
   6.3097587e+05   4.1643944e+06  -1.5800639e+04
   6.1018365e+05   3.9901259e+06  -6.4058944e+03
   3.8144718e+05   3.9719921e+06  -8.3879325e+04
   5.5708741e+05   4.4893740e+06  -6.5993508e+04
   5.7537541e+05   4.4968917e+06  -5.5559599e+04
   5.8670108e+05   4.5227524e+06  -5.0656590e+04
   5.4028606e+05   4.4853028e+06  -7.7238407e+04
   5.5540615e+05   4.5665230e+06  -7.2460464e+04
   5.4641280e+05   4.4214639e+06  -6.6408983e+04
   5.3026232e+05   4.5271992e+06  -8.5840605e+04
   9.2738876e+05   4.6941046e+06  -1.2848715e+04
   7.2790855e+05   4.4033228e+06  -7.3305141e+03
   7.5331175e+05   4.3767511e+06  -3.0221225e+03
   7.5171546e+05   4.3486752e+06  -2.9686777e+03
   7.2908117e+05   4.3219657e+06  -5.9146724e+03
   7.2749156e+05   4.2395576e+06  -3.7890145e+03
   7.6562398e+05   4.4295989e+06  -2.5627662e+03
   6.7441976e+05   4.6794630e+06  -5.1274396e+04
   5.3463719e+05   4.5908750e+06  -8.9130953e+04
   5.1026880e+05   4.3106571e+06  -7.9604255e+04
   3.9392638e+05   4.0437513e+06  -8.8169101e+04
   6.2220109e+05   4.6742607e+06  -6.6069747e+04
   8.8132491e+05   4.7803832e+06  -6.0516037e+04
   5.3411508e+05   4.6376253e+06  -9.3915880e+04
   7.4577485e+05   4.2673203e+06  -1.9378984e+03
   7.7197394e+05   4.4572489e+06  -2.3196375e+03
   6.1075803e+05   3.9319569e+06  -2.3794363e+03
   6.0879661e+05   3.9180036e+06  -2.4471353e+03
   3.8149410e+05   4.0409189e+06  -9.3613979e+04
   4.4914196e+05   4.0739539e+06  -6.2854270e+04
   4.6818908e+05   3.9526465e+06  -3.1756207e+04
   4.7252901e+05   4.2031806e+06  -8.3259396e+04
   8.1286750e+05   4.7850933e+06  -8.4438252e+04
   8.6181033e+05   4.6162008e+06  -4.0628512e+03
   8.0610874e+05   4.6285288e+06  -1.5500509e+04
   5.8105514e+05   3.9533729e+06  -9.9493941e+03
   6.1602968e+05   4.0762493e+06  -1.3324168e+04
   6.1261588e+05   4.0039931e+06  -7.2221879e+03
   6.0283550e+05   4.0362560e+06  -1.1683925e+04
   5.0792394e+05   4.2426370e+06  -6.9921664e+04
   7.7223395e+05   4.5110444e+06  -3.7090491e+03
   5.6673221e+05   4.6669686e+06  -8.5735579e+04
   8.6142319e+05   4.8274142e+06  -9.3179370e+04
   5.9949728e+05   3.8734619e+06  -4.0918323e+03
   5.9965546e+05   3.8581120e+06  -3.3083358e+03
   5.6571030e+05   3.9485512e+06  -1.2975247e+04
   5.7829218e+05   3.9358842e+06  -9.6062104e+03
   5.2161741e+05   4.1853955e+06  -5.2280605e+04
   4.6127895e+05   4.1030212e+06  -6.7084398e+04
   6.1296680e+05   4.6468261e+06  -5.5276199e+04
   5.9540579e+05   4.6480691e+06  -6.4125381e+04
   5.8855439e+05   4.6291748e+06  -6.1790689e+04
   5.3633703e+05   4.6089708e+06  -9.0054302e+04
   5.2702166e+05   4.6195959e+06  -9.5127397e+04
   5.5095011e+05   4.6411859e+06  -8.5586899e+04
   6.5808973e+05   4.7358393e+06  -9.2712773e+04
   3.8899140e+05   4.0672277e+06  -9.7289863e+04
   4.0667413e+05   4.0479871e+06  -8.3762118e+04
   4.1299047e+05   4.0620735e+06  -8.3345585e+04
   5.8149474e+05   3.9152096e+06  -8.0395926e+03
   7.1155001e+05   4.1366551e+06  -1.3051564e+03
   4.8662188e+05   4.2616594e+06  -8.6225048e+04
   9.1182085e+05   4.7558354e+06  -4.0105957e+04
   8.6247824e+05   4.7615095e+06  -5.5616999e+04
   8.8680202e+05   4.7509032e+06  -4.3796079e+04
   8.8096197e+05   4.7646599e+06  -5.2235784e+04
   7.3586113e+05   4.7189076e+06  -6.1631465e+04
   7.1120279e+05   4.7046120e+06  -5.8632073e+04
   5.1336612e+05   4.4951882e+06  -9.5059748e+04
   8.4385560e+05   4.7968526e+06  -8.1835977e+04
   7.5021560e+05   4.7458014e+06  -7.6251627e+04
   7.5803313e+05   4.3206372e+06  -1.8017472e+03
   7.5286293e+05   4.2942262e+06  -1.8022467e+03
   9.4073220e+05   4.6925770e+06  -1.1199022e+04
   7.0331228e+05   4.7535838e+06  -9.2882742e+04
   9.6137891e+05   4.6798497e+06  -2.2865786e+03
   4.2265685e+05   4.1154218e+06  -9.2631539e+04
   5.1121372e+05   3.9425525e+06  -2.4171216e+04
   5.1354841e+05   4.1239312e+06  -4.5260094e+04
   3.7653844e+05   4.0296224e+06  -9.3833336e+04
   4.9071455e+05   4.2770234e+06  -8.5387342e+04
   8.4977070e+05   4.6290177e+06  -8.9824970e+03
   6.7468603e+05   4.2249217e+06  -1.2237553e+04
   8.5740005e+05   4.6989073e+06  -2.7918448e+04
   8.5698959e+05   4.7313894e+06  -4.1839382e+04
   8.4293222e+05   4.7044957e+06  -3.2654898e+04
   8.7918551e+05   4.6249252e+06  -3.1429209e+03
   7.4018741e+05   4.7334822e+06  -7.0670914e+04
   5.8193168e+05   3.9698774e+06  -1.0422797e+04
   5.1576978e+05   4.2541378e+06  -6.6612410e+04
   4.0167871e+05   3.9841128e+06  -6.7638198e+04
   7.5257125e+05   4.2798207e+06  -1.3696409e+03
   5.9232014e+05   4.0968214e+06  -2.0237274e+04
   9.0114144e+05   4.6847821e+06  -1.4481129e+04
   4.5671477e+05   4.1632287e+06  -8.4268293e+04
   8.9878635e+05   4.6696893e+06  -1.0647186e+04
   8.3408466e+05   4.6230401e+06  -9.6570866e+03
   8.3661589e+05   4.6408931e+06  -1.3963942e+04
   8.4623179e+05   4.6140276e+06  -6.1413939e+03
   7.5673413e+05   4.7746463e+06  -9.3780233e+04
   7.4086668e+05   4.7667468e+06  -9.2363778e+04
   5.2704837e+05   4.0742826e+06  -3.2127011e+04
   6.1139437e+05   4.4233535e+06  -3.4444447e+04
   6.0612707e+05   4.4985813e+06  -4.0367805e+04
   6.1306564e+05   4.5417234e+06  -4.0465059e+04
   7.1865330e+05   4.3485224e+06  -7.6732767e+03
   7.0329456e+05   4.2103069e+06  -6.5742019e+03
   6.5738641e+05   4.3908849e+06  -2.0238658e+04
   6.7841923e+05   4.3557967e+06  -1.4687097e+04
   6.4574075e+05   4.3570469e+06  -2.1670467e+04
   6.4970592e+05   4.3317002e+06  -2.0871829e+04
   6.6128903e+05   4.3578793e+06  -1.8205054e+04
   6.4658890e+05   4.2290463e+06  -1.8086369e+04
   6.8839342e+05   4.3289740e+06  -1.2824375e+04
   6.5051686e+05   4.2087870e+06  -1.6265502e+04
   8.9326843e+05   4.7238198e+06  -3.0620903e+04
   6.4843674e+05   4.5033989e+06  -2.7854479e+04
   6.7367891e+05   4.6066897e+06  -2.9576001e+04
   6.3638652e+05   4.5804971e+06  -3.5170493e+04
   6.4775353e+05   4.5475963e+06  -3.0071851e+04
   7.3789118e+05   4.6050491e+06  -1.8634077e+04
   7.9025107e+05   4.6919706e+06  -3.6049613e+04
   7.4861076e+05   4.4197647e+06  -4.9709379e+03
   6.0090432e+05   4.0500529e+06  -1.4408181e+04
   7.8978844e+05   4.7459970e+06  -6.6853311e+04
   5.9460546e+05   4.6661784e+06  -7.2167591e+04
   7.7928904e+05   4.6636171e+06  -2.8898523e+04
   7.7911472e+05   4.6804862e+06  -3.3811852e+04
   8.0581430e+05   4.6746538e+06  -2.7173438e+04
   6.3963953e+05   4.4268045e+06  -2.6735509e+04
   6.1909009e+05   4.4392759e+06  -3.2942292e+04
   5.3231885e+05   4.4008659e+06  -7.3603756e+04
   5.7917942e+05   4.3649560e+06  -4.1288879e+04
   5.6967690e+05   4.3717460e+06  -4.5766095e+04
   5.7118416e+05   4.4043069e+06  -4.8779566e+04
   5.2143517e+05   4.4186365e+06  -8.3788256e+04
   8.4734471e+05   4.6537008e+06  -1.5488396e+04
   8.6203720e+05   4.6824424e+06  -2.0805712e+04
   7.1196471e+05   4.3161263e+06  -8.4435651e+03
   5.1373112e+05   4.4673407e+06  -9.4995288e+04
   7.7114039e+05   4.4444649e+06  -2.0721942e+03
   5.0593853e+05   4.3962562e+06  -9.1677827e+04
   4.8867406e+05   3.9189977e+06  -2.8390261e+04
   7.1420393e+05   4.1964714e+06  -4.2306882e+03
   5.2440769e+05   4.5768297e+06  -9.2704892e+04
   5.4138673e+05   4.0286545e+06  -2.3067566e+04
   6.5146176e+05   4.5830878e+06  -3.1562812e+04
   6.1745014e+05   4.3325273e+06  -2.9044713e+04
   5.7314487e+05   4.2577767e+06  -3.8720536e+04
   7.4903399e+05   4.7020947e+06  -4.8561190e+04
   7.6038486e+05   4.6965408e+06  -4.3588349e+04
   7.0692686e+05   4.6672667e+06  -3.9495285e+04
   6.9976489e+05   4.6547274e+06  -3.5934070e+04
   7.4355941e+05   4.6895831e+06  -4.3678655e+04
   7.3395111e+05   4.6603259e+06  -3.3386204e+04
   7.0408542e+05   4.6399614e+06  -3.0907838e+04
   6.0554985e+05   4.4679963e+06  -3.8539737e+04
   6.2155481e+05   4.5806383e+06  -3.9509244e+04
   6.7210021e+05   4.6428895e+06  -3.7427406e+04
   5.4006813e+05   4.0548819e+06  -2.6648167e+04
   5.3268630e+05   4.1477156e+06  -4.1803843e+04
   5.6445236e+05   4.0982808e+06  -2.7082740e+04
   5.4657732e+05   4.1252019e+06  -3.4909951e+04
   5.1910490e+05   4.2027022e+06  -5.5987009e+04
   5.7181592e+05   4.5584441e+06  -6.1812677e+04
   8.0596000e+05   4.7228901e+06  -4.8447021e+04
   6.5306235e+05   4.4370866e+06  -2.4233808e+04
   7.3101931e+05   4.5587074e+06  -1.3667709e+04
   7.4226685e+05   4.4772477e+06  -7.9815506e+03
   7.0543610e+05   4.4650218e+06  -1.4030041e+04
   6.8213208e+05   4.4021913e+06  -1.5520607e+04
   6.9732822e+05   4.4442520e+06  -1.5498738e+04
   7.7569839e+05   4.5453585e+06  -5.1388966e+03
   7.4102436e+05   4.5295423e+06  -9.1948578e+03
   5.4794940e+05   4.4397386e+06  -7.0707123e+04
   5.4881207e+05   4.4571372e+06  -7.3398285e+04
   5.3015938e+05   4.3349874e+06  -6.8294906e+04
   5.3945498e+05   4.3684321e+06  -6.3882512e+04
   5.9297550e+05   4.3691960e+06  -3.6655983e+04
   6.1207507e+05   4.1281786e+06  -1.7608084e+04
   6.3790566e+05   4.1185951e+06  -1.1468594e+04
   6.1953254e+05   4.1132977e+06  -1.5126499e+04
   6.3848119e+05   4.0889250e+06  -9.8411106e+03
   6.2812557e+05   4.0559423e+06  -9.3553989e+03
   6.1539099e+05   4.0606001e+06  -1.2285063e+04
   5.9155812e+05   4.4949748e+06  -4.6556829e+04
   5.8771684e+05   4.5108508e+06  -4.9550516e+04
   5.4411311e+05   4.5524907e+06  -7.8565073e+04
   5.8066693e+05   4.5347097e+06  -5.4988441e+04
   7.3541681e+05   4.3557864e+06  -5.2380319e+03
   7.3862769e+05   4.3692421e+06  -4.9112568e+03
   7.4021658e+05   4.2383360e+06  -1.7829335e+03
   5.4193779e+05   4.1721604e+06  -4.1496551e+04
   5.4709174e+05   4.1570690e+06  -3.8120227e+04
   5.2695119e+05   4.1195302e+06  -3.9789641e+04
   6.4373196e+05   4.6760446e+06  -5.8759996e+04
   6.4326747e+05   4.6578813e+06  -4.8277099e+04
   6.5816317e+05   4.6517850e+06  -4.1481992e+04
   8.1320766e+05   4.5772831e+06  -3.8415642e+03
   5.0983171e+05   4.2954276e+06  -7.6043922e+04
   3.8858495e+05   4.0273064e+06  -8.5696278e+04
   5.2086175e+05   4.3494137e+06  -7.5716616e+04
   5.0752855e+05   4.3458199e+06  -8.4534405e+04
   6.0500596e+05   4.6808411e+06  -7.5757049e+04
   5.2275903e+05   4.5088687e+06  -8.9930203e+04
   7.3031662e+05   4.2755318e+06  -4.5173653e+03
   7.5730289e+05   4.4666006e+06  -5.2752107e+03
   4.6290041e+05   4.0301401e+06  -4.2207022e+04
   4.8674557e+05   3.9605980e+06  -2.9951666e+04
   5.0021962e+05   4.1610468e+06  -5.9097595e+04
   4.7899105e+05   4.1454368e+06  -6.7403365e+04
   7.5707909e+05   4.6142688e+06  -1.7558043e+04
   7.2079660e+05   4.7627220e+06  -9.4518187e+04
   7.3188752e+05   4.7433552e+06  -7.9276077e+04
   6.0037587e+05   4.0691025e+06  -1.6146437e+04
   5.8663930e+05   4.0404850e+06  -1.5053905e+04
   6.1505937e+05   4.0471081e+06  -1.1444090e+04
   6.6105047e+05   4.1081991e+06  -6.7387033e+03
   5.6547825e+05   4.6505186e+06  -8.0357601e+04
   5.9573847e+05   4.6938520e+06  -8.6551404e+04
   5.3274766e+05   4.2105877e+06  -5.0340268e+04
   5.5025541e+05   4.6141855e+06  -8.1599560e+04
   6.8709741e+05   4.7470104e+06  -9.2699847e+04
   4.5482173e+05   4.0699153e+06  -5.8321016e+04
   4.3089799e+05   4.0540506e+06  -6.8917798e+04
   5.8966630e+05   3.8982108e+06  -6.8500499e+03
   4.0271227e+05   3.9709773e+06  -6.6977149e+04
   6.0011186e+05   3.8454848e+06  -2.5399345e+03
   4.7379607e+05   4.2607086e+06  -9.3840032e+04
   4.9854136e+05   4.2637100e+06  -7.8857267e+04
   8.5182923e+05   4.7484245e+06  -5.1463869e+04
   8.8810720e+05   4.7374923e+06  -3.7554886e+04
   7.5106511e+05   4.7233886e+06  -6.1486948e+04
   7.2242219e+05   4.7107206e+06  -6.0262788e+04
   6.7204237e+05   4.7190374e+06  -7.7730822e+04
   7.8544784e+05   4.7611036e+06  -7.7752626e+04
   7.5257829e+05   4.7599361e+06  -8.5200724e+04
   9.2428257e+05   4.6606882e+06  -4.0472203e+03
   5.8832283e+05   4.5809146e+06  -5.6021294e+04
   4.8219266e+05   4.2015683e+06  -7.7241771e+04
   7.3617208e+05   4.2941089e+06  -4.1473922e+03
   4.1831300e+05   4.0517527e+06  -7.7570066e+04
   8.6651065e+05   4.6543513e+06  -1.1607068e+04
   5.6171852e+05   4.6115882e+06  -7.4048158e+04
   7.2854096e+05   4.2024258e+06  -2.1849983e+03
   5.3020285e+05   4.2885244e+06  -6.2597186e+04
   5.3747986e+05   4.0839264e+06  -3.0764060e+04
   6.7557261e+05   4.1679203e+06  -8.3403236e+03
   6.4517580e+05   4.2645364e+06  -2.0119001e+04
   6.3170036e+05   4.4796729e+06  -3.0687992e+04
   7.8101451e+05   4.6393140e+06  -2.2121701e+04
   4.6429345e+05   4.2311146e+06  -9.3411593e+04
   6.2080502e+05   4.6310907e+06  -4.5723623e+04
   5.8769221e+05   4.1395216e+06  -2.4462144e+04
   7.2693482e+05   4.4771573e+06  -1.0893565e+04
   7.5166623e+05   4.4374510e+06  -5.4107036e+03
   7.6119880e+05   4.4989961e+06  -4.9454142e+03
   5.3840901e+05   4.2283754e+06  -5.0236852e+04
   6.6828739e+05   4.0811416e+06  -4.2041988e+03
   9.0334248e+05   4.6412616e+06  -3.1911272e+03
   7.5056860e+05   4.6045292e+06  -1.6745565e+04
   4.8010457e+05   4.0866285e+06  -5.1961118e+04
   6.6381365e+05   4.0491898e+06  -2.5826732e+03
   7.6214835e+05   4.5536482e+06  -8.2682192e+03
   7.8631173e+05   4.7759379e+06  -8.6864028e+04
   6.5173088e+05   4.1795387e+06  -1.3640583e+04
   6.8661406e+05   4.0850028e+06  -1.7622741e+03
   7.4577375e+05   4.2503809e+06  -1.3792132e+03
   7.5784154e+05   4.4856560e+06  -5.2734771e+03
   8.3804564e+05   4.5941180e+06  -2.8553771e+03
   5.7699602e+05   4.2115406e+06  -3.4080746e+04
   5.3380700e+05   3.9867785e+06  -2.0807910e+04
   5.4578789e+05   3.9849867e+06  -1.8260511e+04
   5.3587790e+05   3.9610071e+06  -1.9469870e+04
   6.2288553e+05   3.9783952e+06  -3.0664593e+03
   6.3838618e+05   4.0072319e+06  -3.0162970e+03
   5.5537795e+05   4.6739980e+06  -9.4084035e+04
   5.1885247e+05   4.5344317e+06  -9.3519054e+04
   6.1592748e+05   4.6136853e+06  -4.4700153e+04
   6.0638108e+05   4.6020627e+06  -4.7735084e+04
   5.4860233e+05   3.8888730e+06  -1.7220701e+04
   8.4336937e+05   4.6881849e+06  -2.6500428e+04
   8.1233735e+05   4.7110494e+06  -4.0956829e+04
   6.6143456e+05   4.4542957e+06  -2.2271473e+04
   5.6752001e+05   3.9648391e+06  -1.3122094e+04
   5.9363072e+05   3.9727981e+06  -8.2785846e+03
   5.8872807e+05   4.0814659e+06  -1.9686863e+04
   8.8418402e+05   4.6628103e+06  -1.1081464e+04
   7.6368492e+05   4.3644924e+06  -1.5599857e+03
   4.8571758e+05   4.3081868e+06  -9.3823833e+04
   4.9021136e+05   4.3239528e+06  -9.5343073e+04
   8.3435435e+05   4.6563538e+06  -1.8475997e+04
   5.1860944e+05   4.5481842e+06  -9.4212966e+04
   9.3802510e+05   4.6604343e+06  -2.3028918e+03
   5.8514850e+05   3.8792776e+06  -7.5558465e+03
   5.9920066e+05   3.8870681e+06  -3.8065542e+03
   5.8676856e+05   3.8651675e+06  -8.0892810e+03
   5.6173699e+05   4.2433793e+06  -4.1414416e+04
   6.1063579e+05   4.5136397e+06  -3.9702460e+04
   6.2212523e+05   4.5203512e+06  -3.6250014e+04
   6.8854024e+05   4.2003227e+06  -8.7204550e+03
   7.1843562e+05   4.2124259e+06  -4.1720326e+03
   6.5713897e+05   4.5985399e+06  -3.2070386e+04
   6.9373337e+05   4.6661741e+06  -4.1058863e+04
   8.1046336e+05   4.6963023e+06  -3.4875310e+04
   7.3036700e+05   4.4209737e+06  -7.9562341e+03
   7.3326536e+05   4.4920677e+06  -9.3399247e+03
   7.8093691e+05   4.7339239e+06  -6.1038202e+04
   7.7192844e+05   4.6478703e+06  -2.5853919e+04
   6.4760775e+05   4.4180361e+06  -2.4016772e+04
   5.4447780e+05   4.4049383e+06  -6.5811552e+04
   5.8245332e+05   4.3785247e+06  -4.0716758e+04
   5.2026795e+05   4.4032173e+06  -8.2591236e+04
   5.3271875e+05   4.4133277e+06  -7.5140089e+04
   5.1274908e+05   4.4299962e+06  -9.1843212e+04
   8.5842413e+05   4.6670115e+06  -1.6618754e+04
   7.0343415e+05   4.3251497e+06  -1.0109237e+04
   4.9970261e+05   3.9107306e+06  -2.5876835e+04
   5.2378398e+05   3.9040856e+06  -2.1126423e+04
   4.3021814e+05   4.1329080e+06  -9.2692376e+04
   4.7487010e+05   3.9266165e+06  -3.0993779e+04
   7.0385820e+05   4.1926744e+06  -5.7490156e+03
   4.7970527e+05   4.2769780e+06  -9.2319880e+04
   6.7285680e+05   4.0637995e+06  -2.3638988e+03
   5.9214025e+05   4.2936988e+06  -3.4977763e+04
   6.0044346e+05   4.3191380e+06  -3.3664153e+04
   5.9341841e+05   4.2699359e+06  -3.3404889e+04
   7.4872477e+05   4.7120842e+06  -5.4490159e+04
   6.4480775e+05   4.6398548e+06  -3.9325396e+04
   5.4366799e+05   4.1406223e+06  -3.7399387e+04
   5.7250506e+05   4.5733539e+06  -6.3672539e+04
   6.4760469e+05   4.4869218e+06  -2.7257272e+04
   6.7260350e+05   4.4931190e+06  -2.1867354e+04
   7.3295574e+05   4.4649582e+06  -9.7418001e+03
   7.0375077e+05   4.4824946e+06  -1.5337705e+04
   6.7337734e+05   4.4778368e+06  -2.0920673e+04
   6.7592637e+05   4.4607282e+06  -1.8954348e+04
   7.5513490e+05   4.5170254e+06  -6.4567929e+03
   5.5623906e+05   4.3800334e+06  -5.4038330e+04
   5.9783631e+05   4.4191860e+06  -3.8572327e+04
   5.8807416e+05   4.4290835e+06  -4.2947079e+04
   5.8475981e+05   4.4132323e+06  -4.2944308e+04
   5.8298978e+05   4.4799157e+06  -4.9685527e+04
   5.7411060e+05   4.5194000e+06  -5.7403015e+04
   5.3132987e+05   4.5472577e+06  -8.6108999e+04
   5.3881513e+05   4.5375538e+06  -8.0648513e+04
   7.4018508e+05   4.4047569e+06  -5.5329701e+03
   7.4875747e+05   4.3621657e+06  -3.4671827e+03
   6.5988720e+05   4.6823306e+06  -5.7105059e+04
   4.1276817e+05   4.0376967e+06  -7.5569503e+04
   5.3869875e+05   4.4683548e+06  -8.0162606e+04
   4.5801730e+05   4.0100898e+06  -3.9042840e+04
   7.4017828e+05   4.7538188e+06  -8.4154016e+04
   5.8068542e+05   3.9948072e+06  -1.2271928e+04
   5.2253017e+05   4.2692263e+06  -6.4203710e+04
   5.6611828e+05   4.6368343e+06  -7.6129365e+04
   5.8113445e+05   4.6945416e+06  -9.1845136e+04
   5.0912186e+05   4.1508804e+06  -5.2555849e+04
   5.1248541e+05   4.1762592e+06  -5.5394353e+04
   6.2255885e+05   4.7140183e+06  -9.0601250e+04
   4.6958687e+05   4.0655375e+06  -4.9888751e+04
   4.5667285e+05   4.0606337e+06  -5.3219848e+04
   7.5425965e+05   4.7342834e+06  -6.7640569e+04
   6.7994791e+05   4.7055685e+06  -6.6625581e+04
   7.6981504e+05   4.7679864e+06  -8.6509436e+04
   9.2853877e+05   4.6512722e+06  -1.6939214e+03
   5.0226776e+05   3.9822104e+06  -2.7425094e+04
   5.1323013e+05   4.3597634e+06  -8.1376394e+04
   6.0639249e+05   4.5856162e+06  -4.6134394e+04
   6.7386485e+05   4.3419250e+06  -1.5507047e+04
   4.9358714e+05   4.0295323e+06  -3.3627358e+04
   7.8517769e+05   4.7865025e+06  -9.3727506e+04
   7.9167100e+05   4.7214743e+06  -5.0772979e+04
   6.9750936e+05   4.4044951e+06  -1.2583213e+04
   5.4691790e+05   3.9976932e+06  -1.8817365e+04
   6.1561273e+05   4.0338266e+06  -9.7681841e+03
   4.5695324e+05   3.9655797e+06  -3.3721922e+04
   3.9210722e+05   3.9890716e+06  -7.5147383e+04
   5.5839766e+05   3.8494387e+06  -1.7706041e+04
   5.7859087e+05   4.6418452e+06  -7.0734285e+04
   7.0362338e+05   4.6939125e+06  -5.3952853e+04
   8.2031217e+05   4.6342953e+06  -1.3745399e+04
   6.9036551e+05   4.4710547e+06  -1.7144968e+04
   5.5742264e+05   4.0154828e+06  -1.8423171e+04
   6.7515494e+05   4.2905167e+06  -1.4429250e+04
   8.9631226e+05   4.6550089e+06  -7.2347610e+03
   6.4561029e+05   4.4553472e+06  -2.5976910e+04
   6.1849691e+05   4.4154688e+06  -3.1875032e+04
   7.3725479e+05   4.3854300e+06  -5.3893532e+03
   4.2804553e+05   4.0246738e+06  -6.0054552e+04
   3.9653643e+05   4.0058367e+06  -7.5077021e+04
   5.6340602e+05   3.9357359e+06  -1.2895702e+04
   6.1580838e+05   4.2593953e+06  -2.6839515e+04
   6.7774079e+05   4.2579284e+06  -1.3147134e+04
   8.5192008e+05   4.7741059e+06  -6.5745159e+04
   6.7287233e+05   4.7412621e+06  -9.2587351e+04
   7.6521978e+05   4.4107986e+06  -2.1399269e+03
   7.6533188e+05   4.6693199e+06  -3.3022372e+04
   5.8879841e+05   4.3529313e+06  -3.7733552e+04
   6.0305637e+05   4.3584515e+06  -3.3231550e+04
   6.9857069e+05   4.6247582e+06  -2.8114977e+04
   7.0741955e+05   4.6133378e+06  -2.4447448e+04
   7.3963783e+05   4.6449274e+06  -2.7387451e+04
   7.6901039e+05   4.3800533e+06  -1.0481811e+03
   7.8269828e+05   4.4886715e+06  -1.6044761e+03
   5.8412310e+05   4.6784466e+06  -8.2568256e+04
   5.3421174e+05   4.5007467e+06  -8.2019473e+04
   5.0536729e+05   4.0971287e+06  -4.3307934e+04
   7.5162189e+05   4.5638233e+06  -1.1065265e+04
   7.4017940e+05   4.5760638e+06  -1.4176108e+04
   7.5792541e+05   4.5792984e+06  -1.1975224e+04
   4.8299439e+05   4.0135819e+06  -3.4498767e+04
   5.2213036e+05   4.1011354e+06  -3.8084459e+04
   5.2348723e+05   4.2204280e+06  -5.6693729e+04
   5.6702294e+05   4.3330239e+06  -4.6253789e+04
   6.0449952e+05   4.1839621e+06  -2.4020591e+04
   8.4918656e+05   4.6030401e+06  -3.2228826e+03
   5.6583110e+05   4.1996255e+06  -3.6334613e+04
   5.8749636e+05   4.2236354e+06  -3.2099214e+04
   5.9135185e+05   4.5998219e+06  -5.5147252e+04
   5.1928150e+05   4.0860465e+06  -3.6235940e+04
   5.5096660e+05   4.6598605e+06  -9.1010165e+04
   5.5732134e+05   4.0359979e+06  -2.0697672e+04
   5.7330729e+05   4.0407329e+06  -1.8030013e+04
   6.8125453e+05   4.0738730e+06  -1.8273135e+03
   8.5654289e+05   4.7136947e+06  -3.4277703e+04
   8.8517017e+05   4.6437381e+06  -5.9347597e+03
   5.8094236e+05   4.2699921e+06  -3.7088493e+04
   6.3013156e+05   4.4633710e+06  -3.0150972e+04
   5.8501015e+05   4.0702282e+06  -1.9748726e+04
   4.9791816e+05   4.3131273e+06  -8.8571926e+04
   7.7165213e+05   4.4948004e+06  -3.3405030e+03
   5.7217498e+05   3.8736810e+06  -1.1460112e+04
   6.2271667e+05   4.4016523e+06  -2.9781809e+04
   6.0714829e+05   4.4048284e+06  -3.4585748e+04
   6.1369569e+05   4.5293386e+06  -3.9543453e+04
   6.3304690e+05   4.5119962e+06  -3.2414240e+04
   7.1416072e+05   4.2277201e+06  -5.4489874e+03
   6.8806991e+05   4.6771743e+06  -4.7342484e+04
   7.1848826e+05   4.6274034e+06  -2.5739879e+04
   7.2090649e+05   4.6063082e+06  -2.1151502e+04
   8.0278499e+05   4.6845881e+06  -3.1230535e+04
   7.2020859e+05   4.4151979e+06  -9.1945748e+03
   7.4707015e+05   4.4978157e+06  -7.0764514e+03
   7.3713043e+05   4.5095079e+06  -9.0941442e+03
   8.0298734e+05   4.7460793e+06  -6.2948750e+04
   5.1438356e+05   4.3862156e+06  -8.4273653e+04
   8.7416684e+05   4.6962857e+06  -2.4104770e+04
   5.3596226e+05   3.8973994e+06  -1.9251484e+04
   4.3841355e+05   4.1161987e+06  -8.4101009e+04
   4.7968929e+05   4.0564504e+06  -4.2901555e+04
   4.6455449e+05   3.9362345e+06  -3.2283999e+04
   6.4610320e+05   4.6087095e+06  -3.6264807e+04
   6.0900075e+05   4.2917643e+06  -3.0012304e+04
   6.0068402e+05   4.2793343e+06  -3.1812090e+04
   5.8585121e+05   4.3085677e+06  -3.7695293e+04
   5.8596188e+05   4.2822723e+06  -3.6259426e+04
   7.7375421e+05   4.6927839e+06  -3.9413936e+04
   6.5799935e+05   4.4957850e+06  -2.5338100e+04
   6.5823740e+05   4.4711826e+06  -2.3229507e+04
   5.9415950e+05   4.4049750e+06  -3.8725479e+04
   6.0335168e+05   4.4377588e+06  -3.7734699e+04
   5.7366999e+05   4.4226182e+06  -4.9327191e+04
   5.8262590e+05   4.3966511e+06  -4.2221986e+04
   6.8974338e+05   4.1131976e+06  -2.6704749e+03
   6.4507561e+05   4.1657660e+06  -1.3200808e+04
   6.6238427e+05   4.1660985e+06  -1.0251426e+04
   6.4500040e+05   4.1350368e+06  -1.0828917e+04
   5.9080067e+05   4.4634784e+06  -4.4904579e+04
   5.4422512e+05   4.5254458e+06  -7.6508684e+04
   7.0983096e+05   4.3896595e+06  -9.8206095e+03
   7.2297031e+05   4.3907640e+06  -7.7228521e+03
   8.0776196e+05   4.5948204e+06  -7.9090925e+03
   8.2561497e+05   4.5895928e+06  -3.8572363e+03
   4.1456704e+05   4.0261031e+06  -6.8280122e+04
   5.2722919e+05   4.4757419e+06  -8.6848618e+04
   7.2799483e+05   4.7533958e+06  -8.6991593e+04
   6.6051773e+05   4.1238593e+06  -7.3772347e+03
   6.5125204e+05   4.1170065e+06  -8.7878899e+03
   5.0881687e+05   4.1880805e+06  -5.9494996e+04
   6.1305217e+05   4.6987129e+06  -8.4403931e+04
   4.8233014e+05   4.0715834e+06  -4.6406008e+04
   7.8733876e+05   4.5344485e+06  -2.0734962e+03
   7.2192779e+05   4.7284264e+06  -7.1988024e+04
   8.1215140e+05   4.7617383e+06  -7.0198172e+04
   7.9835541e+05   4.7884961e+06  -9.1280282e+04
   5.9729318e+05   4.1713550e+06  -2.4562983e+04
   6.6898637e+05   4.6935849e+06  -6.1214314e+04
   5.7552920e+05   4.4392976e+06  -5.1178273e+04
   7.8596156e+05   4.5191139e+06  -1.7334231e+03
   5.5970404e+05   4.4300288e+06  -5.9436826e+04
   5.2534435e+05   4.0605546e+06  -3.1011201e+04
   5.5850491e+05   4.5225704e+06  -6.7100550e+04
   6.1369799e+05   4.5707346e+06  -4.1792704e+04
   7.5979732e+05   4.5370705e+06  -6.7276964e+03
   5.9454967e+05   4.0056455e+06  -1.0529943e+04
   5.3207202e+05   4.2567039e+06  -5.7006595e+04
   7.7670221e+05   4.7488344e+06  -7.2051234e+04
   5.9635467e+05   4.2106246e+06  -2.8690841e+04
   6.5166909e+05   4.3720321e+06  -2.0613533e+04
   5.2984305e+05   4.1966641e+06  -4.9695170e+04
   6.0035869e+05   4.3043278e+06  -3.3002332e+04
   7.2140032e+05   4.3644067e+06  -7.3585893e+03
   7.0255893e+05   4.7299794e+06  -7.7483142e+04
   7.8571578e+05   4.6510958e+06  -2.4456301e+04
   7.6397703e+05   4.6568290e+06  -2.9628171e+04
   5.7230536e+05   3.8569218e+06  -1.2912242e+04
   4.8742755e+05   3.9907930e+06  -3.1418403e+04
   5.5156182e+05   4.3259874e+06  -5.4135780e+04
   7.0733327e+05   4.7426951e+06  -8.4845874e+04
   5.0935083e+05   3.8998537e+06  -2.4671115e+04
   6.5115419e+05   4.5334769e+06  -2.8477550e+04
   7.8786357e+05   4.6260130e+06  -1.7799190e+04
   9.3024293e+05   4.6779174e+06  -7.4166996e+03
   9.1434267e+05   4.6738176e+06  -8.7819480e+03
   6.4395348e+05   4.5948331e+06  -3.4814779e+04
   6.6282203e+05   4.7063616e+06  -7.1503559e+04
   6.9008143e+05   4.7183626e+06  -7.3268207e+04
   5.4649347e+05   4.2710481e+06  -5.0986708e+04
   6.8806557e+05   4.3424104e+06  -1.2751354e+04
   5.5660517e+05   3.9909345e+06  -1.6461716e+04
   5.2441526e+05   4.0235072e+06  -2.6157091e+04
   6.8736440e+05   4.4834935e+06  -1.8627295e+04
   5.6691274e+05   4.2994128e+06  -4.3998688e+04
   5.4909863e+05   4.3078792e+06  -5.3409995e+04
   4.0182779e+05   3.9962372e+06  -6.9142679e+04
   8.4363594e+05   4.7630070e+06  -6.1949011e+04
   6.6738350e+05   4.7298800e+06  -8.6370859e+04
   7.4311556e+05   4.6168839e+06  -1.9934221e+04
   7.5556159e+05   4.6434964e+06  -2.6538069e+04
   6.0111876e+05   4.3393612e+06  -3.3797327e+04
   7.5121589e+05   4.6584965e+06  -3.1642613e+04
   5.3874195e+05   4.5131078e+06  -7.9743760e+04
   5.4665643e+05   4.4991995e+06  -7.3784088e+04
   5.2061048e+05   4.6001792e+06  -9.6527460e+04
   4.7694907e+05   4.0247494e+06  -3.7377735e+04
   5.7588287e+05   4.0097155e+06  -1.4315301e+04
   6.5603451e+05   4.0649896e+06  -5.1233083e+03
   4.4438247e+05   4.1697139e+06  -9.2752426e+04
   5.7374259e+05   4.3244420e+06  -4.2823782e+04
   5.5437163e+05   4.3434541e+06  -5.3542680e+04
   4.9069593e+05   4.1215624e+06  -5.6075588e+04
   4.5634896e+05   4.2138814e+06  -9.4444581e+04
   4.6768715e+05   4.2088849e+06  -8.7063999e+04
   8.2277004e+05   4.6509888e+06  -1.8015963e+04
   7.9870388e+05   4.6599688e+06  -2.3752788e+04
   5.5924768e+05   4.2134100e+06  -3.9676120e+04
   5.6211675e+05   4.5838685e+06  -7.2442864e+04
   5.9903747e+05   4.6154076e+06  -5.3332872e+04
   5.4565738e+05   4.0436075e+06  -2.4090913e+04
   5.7304472e+05   4.0255203e+06  -1.6427730e+04
   5.6755496e+05   4.0495161e+06  -1.9617912e+04
   4.3900646e+05   3.9821872e+06  -4.2337149e+04
   8.6678555e+05   4.7076895e+06  -2.9931168e+04
   8.9310831e+05   4.6296427e+06  -2.1631246e+03
   5.5472927e+05   3.8763557e+06  -1.6079147e+04
   5.7607764e+05   3.8942425e+06  -1.0310305e+04
   5.4757549e+05   4.2518967e+06  -4.8227356e+04
   6.2403064e+05   4.5380778e+06  -3.6629523e+04
   7.0783744e+05   4.3002660e+06  -8.6943241e+03
   7.1960933e+05   4.2903682e+06  -6.5560810e+03
   6.9260020e+05   4.2906039e+06  -1.1130933e+04
   6.9806729e+05   4.2739138e+06  -9.7852867e+03
   6.8139554e+05   4.2739125e+06  -1.2853982e+04
   9.1911401e+05   4.7340738e+06  -2.9682946e+04
   9.0997446e+05   4.7225341e+06  -2.6534326e+04
   7.3137475e+05   4.6345599e+06  -2.5420843e+04
   7.2371748e+05   4.5031464e+06  -1.1068558e+04
   8.2833509e+05   4.6639215e+06  -2.1397593e+04
   8.7163193e+05   4.6706599e+06  -1.5265875e+04
   5.5090277e+05   3.9572649e+06  -1.6292733e+04
   5.2221453e+05   3.9563878e+06  -2.2188111e+04
   5.2718795e+05   3.9358583e+06  -2.0696970e+04
   6.3093569e+05   4.6039744e+06  -3.8834117e+04
   6.2972221e+05   4.5918039e+06  -3.8259662e+04
   6.0448614e+05   4.2647174e+06  -3.0067098e+04
   5.7103301e+05   4.3119227e+06  -4.3177984e+04
   5.7241201e+05   4.2852129e+06  -4.0777595e+04
   7.6202055e+05   4.6830861e+06  -3.7904518e+04
   7.7549146e+05   4.7041417e+06  -4.4462682e+04
   6.5985100e+05   4.4847301e+06  -2.4303449e+04
   6.4445825e+05   4.4721339e+06  -2.6564258e+04
   5.9032604e+05   4.4456108e+06  -4.3405885e+04
   6.6393459e+05   4.1397609e+06  -7.6639608e+03
   6.2841103e+05   4.1310931e+06  -1.3969756e+04
   5.9843019e+05   4.4818600e+06  -4.2308718e+04
   5.9981909e+05   4.4526094e+06  -3.9757485e+04
   5.5095298e+05   4.5368404e+06  -7.2734955e+04
   7.8639779e+05   4.5715902e+06  -7.0152942e+03
   4.8812124e+05   4.0033253e+06  -3.2222129e+04
   4.5072094e+05   3.9821316e+06  -3.6730723e+04
   7.6321966e+05   4.5952307e+06  -1.3365749e+04
   6.4813314e+05   4.1048633e+06  -8.9383624e+03
   6.2051718e+05   4.6894065e+06  -7.6000244e+04
   6.0341182e+05   4.7076444e+06  -9.2828220e+04
   4.6826561e+05   4.0761350e+06  -5.3954023e+04
   4.9206840e+05   4.1006839e+06  -5.0046611e+04
   4.9509403e+05   4.0613796e+06  -3.9543134e+04
   7.8989346e+05   4.5510935e+06  -3.6715057e+03
   8.3072857e+05   4.7369357e+06  -4.9992447e+04
   8.3545676e+05   4.7503811e+06  -5.6640383e+04
   7.9959654e+05   4.7584273e+06  -7.1744209e+04
   8.1928736e+05   4.7747178e+06  -7.5764873e+04
   8.2100458e+05   4.7497601e+06  -5.9882207e+04
   6.7572928e+05   4.0987309e+06  -3.9992503e+03
   4.8763301e+05   3.9758946e+06  -3.0456602e+04
   7.2519427e+05   4.5223775e+06  -1.1656732e+04
   5.3743121e+05   4.2424082e+06  -5.2480902e+04
   4.2891445e+05   3.9942783e+06  -5.0639663e+04
   5.5378390e+05   4.0801826e+06  -2.6759765e+04
   6.0792520e+05   4.0202677e+06  -9.7971765e+03
   4.7783870e+05   4.1043758e+06  -5.8226269e+04
   6.8860224e+05   4.1790934e+06  -7.3360654e+03
   5.3215068e+05   4.4307814e+06  -7.8946637e+04
   4.5363755e+05   4.1472991e+06  -8.3119445e+04
   6.3433709e+05   4.5507906e+06  -3.4098981e+04
   5.8503843e+05   3.8461598e+06  -7.9558185e+03
   6.1681607e+05   4.1712241e+06  -1.9620744e+04
   4.4705988e+05   4.0098183e+06  -4.3756783e+04
   4.3475384e+05   4.0102122e+06  -5.0549141e+04
   5.2513375e+05   4.4933231e+06  -8.7487666e+04
   4.5175818e+05   4.0236236e+06  -4.5574437e+04
   5.6233895e+05   3.8914467e+06  -1.3757480e+04
   7.9595933e+05   4.6418307e+06  -2.0383184e+04
   5.6464285e+05   3.9998984e+06  -1.5753157e+04
   8.0156726e+05   4.5646608e+06  -3.9563048e+03
   6.6792031e+05   4.3305930e+06  -1.6870724e+04
   5.6557141e+05   4.1559599e+06  -3.2276985e+04
   6.5522151e+05   4.2555633e+06  -1.7542690e+04
   6.5006118e+05   4.2758000e+06  -1.9364062e+04
   5.9009653e+05   4.7032648e+06  -9.3931074e+04
   7.4950905e+05   4.3937585e+06  -3.8670189e+03
   5.0957150e+05   4.4495183e+06  -9.6429719e+04
   7.6406012e+05   4.5684093e+06  -9.7185819e+03
   5.1588284e+05   4.0085715e+06  -2.6121284e+04
   5.4687818e+05   4.2373362e+06  -4.7095903e+04
   5.5354353e+05   4.2285311e+06  -4.3191657e+04
   5.4497706e+05   4.2167177e+06  -4.5548078e+04
   5.0607654e+05   4.3726512e+06  -8.8705201e+04
   6.7375011e+05   4.1171881e+06  -5.0020769e+03
   7.0556064e+05   4.1114480e+06  -8.7076140e+02
   8.1616374e+05   4.6049301e+06  -8.5104317e+03
   5.4206143e+05   3.9730294e+06  -1.8541008e+04
   5.8853594e+05   4.0238523e+06  -1.3519331e+04
   5.8921722e+05   4.1815759e+06  -2.7673666e+04
   6.9640414e+05   4.1447843e+06  -3.4766986e+03
   5.7824973e+05   4.4523798e+06  -5.1475484e+04
   5.1148392e+05   4.0711431e+06  -3.6410903e+04
   5.1206743e+05   4.0535524e+06  -3.3428955e+04
   5.5173811e+05   4.5132427e+06  -7.1204483e+04
   5.6602543e+05   4.5351052e+06  -6.3292083e+04
   7.4603485e+05   4.5474298e+06  -1.0040588e+04
   4.7506796e+05   4.2089765e+06  -8.2697265e+04
   6.4131557e+05   4.3821831e+06  -2.3511707e+04
   7.2317944e+05   4.3793258e+06  -7.3327773e+03
   7.0753797e+05   4.7166684e+06  -6.7293628e+04
   5.1979351e+05   4.1554286e+06  -4.8215234e+04
   6.4647412e+05   4.7037239e+06  -7.5068446e+04
   6.2845964e+05   4.3903022e+06  -2.7384768e+04
   5.2119519e+05   3.8890188e+06  -2.3464704e+04
   5.3916472e+05   4.1106111e+06  -3.5152104e+04
   5.5614266e+05   3.9754861e+06  -1.5771848e+04
   5.5891648e+05   4.2950104e+06  -4.7321055e+04
   5.7697306e+05   4.2988967e+06  -4.0064995e+04
   5.6022155e+05   4.3072204e+06  -4.7661659e+04
   5.5071659e+05   3.9399471e+06  -1.5844654e+04
   4.0391118e+05   4.0327329e+06  -7.7674583e+04
   7.4517370e+05   4.6291440e+06  -2.2098670e+04
   6.4709639e+05   4.0775368e+06  -7.5184406e+03
   5.8406974e+05   4.3343020e+06  -3.9210958e+04
   5.7240196e+05   4.3526263e+06  -4.3998261e+04
   5.0014513e+05   4.1126412e+06  -4.9116050e+04
   5.0282259e+05   4.1310566e+06  -5.1515245e+04
   4.8843950e+05   4.1117723e+06  -5.4769687e+04
   4.8565000e+05   4.1329822e+06  -6.1279883e+04
   4.6280783e+05   4.2005607e+06  -8.8372127e+04
   5.7513349e+05   4.5894593e+06  -6.5197314e+04
   5.6156082e+05   4.5968263e+06  -7.4454645e+04
   4.9455670e+05   4.3504408e+06  -9.3368026e+04
   4.4492139e+05   3.9678631e+06  -3.7800865e+04
   4.2419153e+05   3.9809537e+06  -5.1356004e+04
   4.3606038e+05   4.1605860e+06  -9.4861732e+04
   4.6665593e+05   4.1544247e+06  -7.6443981e+04
   5.6558371e+05   3.9109336e+06  -1.1536804e+04
   5.5953711e+05   4.2632811e+06  -4.3972885e+04
   6.2493888e+05   4.5504760e+06  -3.6980983e+04
   6.3667985e+05   4.5313351e+06  -3.2412313e+04
   6.9122445e+05   4.2628723e+06  -1.0800510e+04
   7.1284102e+05   4.2748305e+06  -7.2966112e+03
   6.6383258e+05   4.2658137e+06  -1.6179589e+04
   9.2686153e+05   4.7226137e+06  -2.3921738e+04
   9.0550517e+05   4.7384801e+06  -3.4067498e+04
   7.3293355e+05   4.6205471e+06  -2.2238946e+04
   7.2168439e+05   4.6456017e+06  -2.9839849e+04
   8.2909999e+05   4.6765360e+06  -2.5308900e+04
   8.1607108e+05   4.6650397e+06  -2.2894156e+04
   8.8412523e+05   4.6812044e+06  -1.6921710e+04
   5.1535163e+05   3.9197421e+06  -2.2741771e+04
   5.3608383e+05   3.9181876e+06  -1.8077203e+04
   5.3777082e+05   3.9465164e+06  -1.8742708e+04
   6.1818791e+05   4.2772909e+06  -2.7029272e+04
   6.2208390e+05   4.1535406e+06  -1.6955612e+04
   6.1598882e+05   4.4860984e+06  -3.6022952e+04
   7.8022420e+05   4.5890015e+06  -1.0980372e+04
   7.7169064e+05   4.5785929e+06  -9.9852549e+03
   7.9611992e+05   4.5832783e+06  -7.9666002e+03
   7.7537334e+05   4.5621055e+06  -7.2859499e+03
   4.2358876e+05   4.0389165e+06  -6.9427909e+04
   4.5081596e+05   4.0345890e+06  -4.9726111e+04
   4.6829563e+05   4.0497214e+06  -4.4503189e+04
   4.9815095e+05   4.0140941e+06  -3.0740471e+04
   4.5559628e+05   3.9980012e+06  -3.7623955e+04
   5.0434101e+05   4.2010063e+06  -6.3999899e+04
   5.2344594e+05   4.1696516e+06  -4.8869314e+04
   6.5252273e+05   4.7204065e+06  -8.4281375e+04
   6.3598058e+05   4.7241357e+06  -9.2008510e+04
   8.4252846e+05   4.7382526e+06  -4.8309943e+04
   8.2302709e+05   4.7226913e+06  -4.4485512e+04
   8.0260177e+05   4.7724708e+06  -8.0143624e+04
   8.3542932e+05   4.7760056e+06  -7.2192104e+04
   8.2810531e+05   4.7646071e+06  -6.6960427e+04
   7.1426270e+05   4.1515165e+06  -1.7243808e+03
   4.6517298e+05   4.1378899e+06  -7.4473017e+04
   8.2822632e+05   4.6919636e+06  -3.0748430e+04
   5.0242530e+05   4.1761157e+06  -6.0597892e+04
   6.2742281e+05   4.4506397e+06  -3.0835729e+04
   4.9893110e+05   3.9704629e+06  -2.7618373e+04
   5.7883878e+05   4.1522602e+06  -2.8048604e+04
   5.2410770e+05   4.4603616e+06  -8.9914299e+04
   5.3613395e+05   4.2764981e+06  -5.7392541e+04
   5.5628616e+05   4.1418216e+06  -3.3652382e+04
   5.4224124e+05   4.3344971e+06  -6.0517510e+04
   7.1687781e+05   4.7402757e+06  -8.1120102e+04
   7.1624744e+05   4.7503162e+06  -8.7839530e+04
   6.9624918e+05   4.7400595e+06  -8.5891398e+04
   5.5135158e+05   4.0635172e+06  -2.4283083e+04
   8.1047174e+05   4.6465302e+06  -1.8168577e+04
   7.5224110e+05   4.4051821e+06  -3.8284476e+03
   5.3552871e+05   4.0111166e+06  -2.2307873e+04
   5.0258637e+05   4.3834090e+06  -9.2410044e+04
   5.1764072e+05   4.1432972e+06  -4.7162357e+04
   5.5992507e+05   4.3182098e+06  -4.9312717e+04
   5.3952903e+05   3.9320000e+06  -1.7949671e+04
   4.0266310e+05   4.0197615e+06  -7.4382429e+04
   6.3888386e+05   4.0639920e+06  -7.9575478e+03
   4.8074877e+05   4.1207961e+06  -6.1307516e+04
   4.5631205e+05   4.1813061e+06  -8.8646789e+04
   4.5141937e+05   4.1983145e+06  -9.4481756e+04
   4.9510834e+05   4.3379936e+06  -9.2435039e+04
   7.0520383e+05   4.2852245e+06  -8.8081737e+03
   6.0798770e+05   4.1601148e+06  -2.0864784e+04
   6.1987504e+05   4.4710408e+06  -3.3619834e+04
   5.3056468e+05   4.1589174e+06  -4.4126993e+04
   6.3799241e+05   4.7116220e+06  -8.3282668e+04
   5.3816660e+05   4.4464809e+06  -7.9157748e+04
   5.1344539e+05   4.2286817e+06  -6.3855929e+04
   5.1092249e+05   4.1655818e+06  -5.4161354e+04
   4.9433589e+05   4.1453339e+06  -5.8622990e+04
   3.8772448e+05   4.0137717e+06  -8.3044127e+04
   5.8305500e+05   4.3189714e+06  -3.9153951e+04
   5.1776320e+05   3.9895312e+06  -2.4366173e+04
   4.9337989e+05   4.1727954e+06  -6.4984273e+04
   4.3584170e+05   4.0700434e+06  -6.7429684e+04
   9.2082915e+05   4.7450205e+06  -3.3831988e+04
   6.7938982e+05   4.1423905e+06  -5.4819547e+03
   5.9544005e+05   3.9115910e+06  -5.2380147e+03
   5.1627509e+05   4.5197316e+06  -9.4534805e+04
   4.9480280e+05   4.2092611e+06  -7.1013126e+04
   4.2112200e+05   4.0106861e+06  -5.9493950e+04
   5.8657388e+05   4.6139554e+06  -5.9427029e+04
   5.3360230e+05   4.0965783e+06  -3.4120593e+04
   5.2833593e+05   3.9984239e+06  -2.2642374e+04
   4.7373310e+05   4.1295254e+06  -6.7559856e+04
   4.4657591e+05   4.1576485e+06  -8.8965569e+04
   9.0652361e+05   4.7714783e+06  -4.8496006e+04
   4.4115752e+05   4.0244296e+06  -5.1996277e+04
   5.6155194e+05   4.1296876e+06  -3.1018494e+04
   5.5329095e+05   4.1079177e+06  -3.1024197e+04
   4.9756147e+05   4.3616267e+06  -9.2740092e+04
   5.0991970e+05   4.0214008e+06  -2.8778902e+04
   6.3014469e+05   4.7009912e+06  -7.9553930e+04
   8.9714749e+05   4.7604843e+06  -4.5663778e+04
   5.9508831e+05   4.1283049e+06  -2.1833818e+04
   4.7299990e+05   3.9690312e+06  -3.2538213e+04
   5.1275795e+05   3.9734671e+06  -2.4709233e+04
   4.8086002e+05   4.2322046e+06  -8.4062688e+04
   5.1200728e+05   4.1066450e+06  -4.2570763e+04
   4.3957155e+05   4.0405799e+06  -5.8983627e+04
   4.5566851e+05   4.0458885e+06  -4.9764746e+04
   7.6592304e+05   4.3493551e+06  -1.1440043e+03
   4.6628958e+05   4.2468532e+06  -9.5309301e+04
   4.8719636e+05   4.1582410e+06  -6.5771946e+04
   6.7154391e+05   4.1296074e+06  -5.8984008e+03
   4.3269187e+05   3.9684537e+06  -4.4836478e+04
   4.4057013e+05   4.1462089e+06  -8.9767694e+04
   4.5270747e+05   4.1277480e+06  -7.8608244e+04
   6.2421789e+05   4.0085903e+06  -5.6962540e+03
   4.3011823e+05   4.1498016e+06  -9.5581110e+04
   4.8226406e+05   4.1787330e+06  -7.2565183e+04
   4.4439868e+05   4.1347036e+06  -8.5044046e+04
   4.6775870e+05   4.1693720e+06  -7.9513682e+04
   4.4425377e+05   4.0576699e+06  -5.8629649e+04
   6.3303373e+05   4.1772087e+06  -1.6908821e+04
   4.6795319e+05   3.9844915e+06  -3.3617813e+04
   4.7675250e+05   4.1595931e+06  -7.1929660e+04
   4.4798401e+05   4.0978487e+06  -7.2394744e+04
   4.9680928e+05   4.0807760e+06  -4.3151278e+04
   4.7111829e+05   4.1913374e+06  -8.1667335e+04
   8.9861660e+05   4.7484916e+06  -3.9886895e+04
