  -1.0390591e+00
   4.8505609e-02
  -1.0190549e+00
  -1.0339208e+00
  -1.0257663e+00
  -9.3582106e-01
  -1.0298233e+00
  -1.4395239e-01
  -1.0074566e-02
  -5.3733117e-04
   3.7381425e+00
   6.9538499e-02
   7.2395722e-02
  -1.0063918e+00
  -9.7982849e-01
   1.5853446e-02
  -1.0383047e+00
  -1.0357943e+00
   5.5823022e-01
  -8.5739882e-02
   7.5252575e-02
   9.8043207e-02
   2.5027644e+01
   2.9903261e+01
   1.1944629e+01
   9.6851135e-02
   3.0512480e+01
   1.6446226e-02
   1.3914181e-02
   1.0576788e-02
   1.5361585e+01
   4.7845208e-03
   1.0182478e-02
  -1.4743055e-02
   5.5132780e+00
   4.4690724e+00
  -1.0027232e+00
   2.5929099e-03
   8.4947215e-03
  -1.6065173e-02
  -1.3572294e-01
   1.8077673e+01
   2.3805329e+01
   2.0906644e+01
   1.8426854e+01
   1.5676977e+01
   7.7365421e+00
   1.3834579e+01
  -1.0995968e-01
  -9.1945055e-02
   2.7797918e-01
   1.8533326e-01
   1.7518193e+01
   1.6524239e+01
  -6.9516395e-03
   1.5493517e+01
   1.6828884e+01
   6.7156362e-03
   2.0875265e-02
  -2.4379515e-02
  -5.1034537e-04
  -4.4978472e-03
   6.8195210e-03
   4.9144036e-02
  -7.9452624e-01
  -9.8081769e-01
   7.1546498e-03
   1.0971727e-02
   2.9942634e-03
  -8.0373533e-04
  -2.2686140e-03
  -4.4870717e-02
   3.0445308e+01
  -2.1276634e-02
  -1.0893459e-01
  -1.2392977e-01
  -1.5803994e-01
   4.2891054e-01
   3.8388146e+01
   3.7892805e+01
   3.7647989e+01
   3.7564821e+01
   1.7968559e+01
   2.0438014e+01
   1.3058160e-01
   2.5036212e-01
   3.9222966e+01
   1.3020129e+01
   8.7495573e+00
   8.0660926e+00
   7.7059972e+00
   8.2972596e+00
   5.9492369e-02
   7.9185468e-02
   6.5051528e+00
  -6.8398113e-02
  -2.3588233e-02
  -1.1351712e-01
  -1.1802469e-01
  -3.9635250e-02
   2.9874035e-01
  -1.8421775e-03
   1.2235356e-02
   1.2105078e-02
   5.7400133e-02
   2.5199525e-01
   1.8411049e+01
   1.6996473e+01
   4.9255743e-01
  -5.1390057e-04
  -6.6984630e-03
  -4.4205972e-01
   1.8951091e-01
   2.3809363e-02
   1.7937405e-02
  -1.0423053e-03
  -1.3664833e-03
   2.9662354e+01
   3.1130255e+01
  -1.2529558e-01
  -1.5048490e-01
  -1.5177298e-01
  -1.8663247e-02
  -3.6999247e-03
  -1.0510095e-02
  -9.8733258e-01
   8.8578928e-03
   6.4709259e-03
  -2.4474599e-03
   6.4782905e-03
   3.5615904e+00
   1.6664451e+01
  -1.1636702e-02
   7.7084531e-03
  -2.4560578e-03
   2.5334291e+01
  -8.6270724e-02
   3.6723779e+01
   3.6315562e+01
   2.7222639e+01
  -6.9754209e-01
  -7.5653424e-01
   3.8499281e+01
   3.8305402e+01
   3.8121426e+01
   3.6778952e+01
   3.7168649e+01
   6.0044088e+00
   7.4176802e+00
   8.4967210e+00
   1.4876607e+01
   1.6800754e+01
   6.6642543e+00
   1.5841050e+01
   1.2387627e+01
   1.3747659e+01
   1.0797998e+01
   2.4725044e+01
   2.1107555e+01
   2.3192102e+01
  -7.7633784e-02
  -9.2208316e-02
  -2.3646274e-01
  -3.1680753e-01
  -2.1528838e-01
  -1.9347461e-01
  -1.8693099e-01
  -1.2517653e-01
  -1.8051967e-01
  -1.3743069e-01
  -3.8974556e-01
   2.9630106e-02
   2.6913656e-01
   2.3531813e-01
   4.6996959e-01
  -2.0741610e-02
  -1.1336795e-01
   9.3574702e-01
  -2.8926361e-02
   3.5182273e-02
   4.5885671e-02
   1.5808895e-01
   5.5331783e+00
   4.0620112e-01
   1.6505829e+00
   1.1864224e+00
   7.5719613e+00
   8.1391023e+00
   6.1339919e+00
   7.2223552e+00
   1.9980154e+01
   1.1739629e-01
   3.9332139e+01
   4.0482700e+01
   3.9958086e+01
   3.2711687e+00
   4.3172648e+00
   5.0576332e+00
  -1.6613329e-01
  -8.3339307e-01
   5.5098453e+00
   6.4760353e+00
   9.2656911e+00
   1.7940807e+01
   1.5842778e+01
  -5.5484349e-02
  -2.1682424e-01
  -5.8639324e-03
   1.3677281e-02
  -1.3940654e-01
   1.0316961e+01
  -3.7387517e-02
   2.0759572e+00
   9.7527901e-01
   1.9290073e+00
   1.3937966e+00
   1.2549897e+00
   1.0395299e+00
   5.9568855e-01
   4.9789564e-01
   7.4938236e-01
   6.5341210e+00
   1.8384926e+01
   1.9805618e+01
   8.1759304e+00
   3.2287929e-01
   1.0107862e-01
   2.2338750e-01
   6.4928232e-02
  -2.8142078e-02
   3.1878053e-02
   3.8599062e-02
   6.3692815e-02
   6.9035036e-02
   6.3491506e-01
   2.9517160e-01
   4.3345054e+00
  -4.1583699e-02
  -2.2086259e-02
  -2.0727748e-02
   4.0773603e-01
   1.6128238e-01
  -7.5690617e-01
  -1.8409768e-01
   2.5100979e+01
   2.6029512e+01
   2.5353205e+01
  -1.7585462e-02
   1.8909071e-02
   2.1936632e-02
   9.0246911e-02
   1.1429144e-01
   1.0489043e-01
   1.4310131e-01
   1.7097845e-01
   3.6311322e+01
   7.1007668e+00
   6.3128641e+00
   1.9136784e+00
   1.5113603e+00
   1.6690047e+00
   2.8620066e+00
   2.2913862e+00
   2.6656115e+00
   1.2881574e+00
   8.4114992e-01
   3.0627566e-02
   1.2186081e-02
  -6.1724939e-02
   1.8729499e+01
   5.4308734e-01
  -7.0286521e-01
   4.3860786e-02
   8.7430022e-02
   5.0395784e-02
   4.1242010e-02
  -4.7685231e-03
   9.2025839e-02
   1.0605114e-01
   6.2321311e-02
   2.4672127e-02
  -2.7343116e-02
  -5.0060385e-03
  -6.0445407e-04
  -1.6596556e-03
  -3.5978725e-02
  -1.5810964e-02
   2.6732605e+01
   3.1519074e+01
   3.2631393e+01
   2.9512141e+01
  -1.3665272e-01
  -2.4382805e-02
  -1.5566598e-01
   6.3110939e-02
  -8.9117210e-02
   3.9742725e-02
  -1.4535298e-01
   3.6748357e+01
   5.0915083e-01
  -4.4450149e-02
   3.5356852e+01
   3.4080400e+01
   3.5020223e+01
   1.3314704e+01
   1.5208582e+01
  -1.4009038e-02
  -1.4171937e-02
  -7.7345169e-01
   1.5043972e+01
   1.2551667e+01
   1.1065494e+01
   1.5752737e+01
   1.7674573e+01
   3.4118220e+01
  -5.0917715e-01
  -4.1352669e-01
  -1.0414335e-01
   3.8901183e+00
   3.4853452e+00
   2.6501536e+01
   2.8394848e+01
   2.3091999e-01
   7.8805443e+00
   7.8150682e+00
  -1.7492331e-02
  -4.0819040e-01
   1.0912576e+01
  -5.5055029e-02
  -9.0806050e-02
  -8.4842005e-02
  -8.3940622e-02
  -5.4931925e-01
   5.6879440e+00
   5.7183726e+00
   9.6018888e+00
   6.3545439e+00
   7.2215130e+00
   4.0050127e-01
   4.6818940e-01
   2.1101354e+01
   1.7220639e+01
  -3.5414682e-01
   2.2294648e+01
   3.9472579e+01
   3.9301967e+01
   3.1541972e-01
   2.9201755e-01
   2.6793101e-01
   2.2113288e-02
   3.5313868e+01
   1.1654182e+01
   1.3274210e+01
   9.8626516e-02
   2.6053571e-01
  -8.7217782e-02
  -7.9280057e-01
  -2.9230864e-02
  -2.8401628e-02
  -2.6609957e-01
   2.8418195e+01
   5.2741127e-01
   6.3055186e+00
  -2.0333495e-02
   2.6063695e+01
   2.5595984e+01
   2.3507860e+01
   2.6742398e+01
   2.4804622e+01
   1.5081307e+01
  -1.2550690e-01
  -2.6753378e-02
  -2.3163074e-02
  -1.0827831e-02
  -2.2411085e-02
  -6.0130574e-01
   1.0298023e-01
   8.4581407e-02
   1.1318381e-01
   1.8623328e-01
   1.6601988e-01
   9.5387352e-03
   6.6280226e-03
   1.8679494e-02
   4.0229135e+01
  -3.1831409e-01
  -2.4756414e-01
  -2.5086340e-01
  -6.7880456e-02
   3.7131273e-03
  -4.0014153e-02
   1.4153420e-01
  -2.0516448e-01
  -1.9402887e-01
   1.0355587e-01
   1.4023581e-01
   1.0856534e-01
  -3.2390261e-02
   8.7225968e+00
   1.0308675e+01
   5.6873213e-02
   3.4059320e-02
   3.3627477e-02
   4.0392832e-02
   2.6273636e-01
  -1.4004276e-01
  -1.2223815e-01
   3.7873722e+01
   3.7688327e+01
  -1.5475993e-01
   8.1989196e-01
   6.0218040e-01
  -7.3127169e-02
   1.5169623e+01
   1.1750614e+01
  -1.1689677e-01
  -1.0790507e-01
  -1.2866962e-01
  -7.6467989e-02
   2.6021053e-01
  -6.1242156e-03
  -4.1106803e-02
  -6.4405777e-02
  -7.4207161e-01
   2.0984305e+01
   2.3529622e+01
   2.2709715e+01
   3.9114184e+01
   8.4208701e+00
   1.0052240e+01
   1.6782992e+01
   1.4366383e+01
   1.4497637e+01
   1.5989093e+01
   3.1227577e+01
   3.0971330e+01
   3.2522881e+01
   2.4509129e+01
   3.5727938e+01
   3.7574988e-01
  -2.5626906e-01
  -2.4573073e-01
  -2.4965178e-01
  -4.4159027e-01
   1.0828225e-01
   1.5121335e-01
   2.8975348e+00
   4.0985831e-01
   9.5725700e-01
  -1.4317378e-01
   2.3567263e-01
   3.7684907e-01
   3.1175247e-01
   4.0225013e+01
  -1.7589619e-02
  -3.6981862e-02
   1.3543660e+01
   1.2749939e+01
  -1.4911187e-01
  -1.2081197e-01
  -1.2181243e-01
  -6.6738962e-02
  -1.2714944e-01
  -1.6747539e-01
  -1.7282412e-01
   9.9559287e+00
   9.4384377e+00
  -6.1737951e-01
  -5.8879469e-01
  -3.2622035e-02
   3.7765462e+00
   5.3408921e+00
   8.1276873e-01
   5.4580531e-01
   1.1762423e+01
   1.0473769e+01
   6.7150442e+00
   7.3402551e+00
   6.1284627e+00
   3.9522553e-01
   3.9288083e-01
   3.8970655e+00
   1.7335454e+01
   1.7457211e+01
   1.5653182e+01
  -4.7505065e-01
  -4.3241817e-01
  -6.5637382e-01
  -5.4473103e-01
  -6.9808499e-01
  -2.2626176e-01
  -1.1708255e-01
  -6.6883732e-01
  -7.4494828e-01
  -7.4362477e-01
   3.8565443e+01
   3.8928945e+01
   8.9290854e+00
   7.3977016e+00
  -3.1573175e-02
   3.8502799e-01
   4.3344279e-01
   6.9622836e-02
   7.2364394e+00
   7.1792596e+00
  -3.1951205e-01
  -5.5805911e-02
   1.5388336e+01
   1.1080252e+01
   1.5893419e+01
   1.5939588e+01
   1.9842957e-01
   1.6137952e-01
   1.2659672e-01
  -9.1112472e-02
  -4.6250716e-02
  -8.9287736e-01
  -8.4476863e-01
   2.6174804e-01
   3.3813185e-01
   4.0415335e-01
   4.3959785e-01
   3.3431314e-01
   5.1180964e-03
   1.1151022e-02
  -3.5300210e-02
  -3.5088925e-02
  -2.7317147e-02
  -8.1459669e-03
  -1.0639692e-02
  -3.8760546e-02
   2.8084010e+01
   2.6859663e+01
   3.4604706e+01
   3.3835463e+01
  -3.1800259e-02
  -2.2516912e-02
  -1.6186248e-01
  -1.5318720e-01
  -1.5486193e-01
   3.3492967e+01
   3.1987968e+01
   1.1661374e-01
   1.0006793e-01
  -1.5059707e-01
   1.4964483e-01
   4.0591525e+01
   4.0527677e+01
   8.7311931e-01
   2.8602382e+01
   2.7006961e+01
   2.3479152e-03
  -5.7284666e-02
   1.7914240e+01
   4.2674425e+00
  -1.6689912e-01
   2.9319047e+01
   3.8253187e+01
   3.7439924e+01
   3.8405557e+01
   7.6774651e+00
   8.7738055e+00
   1.3000044e+01
   1.4158860e+01
   4.3467051e+00
   4.9090067e+00
   1.3546145e+01
   1.1986932e+01
   2.6779454e-01
   2.3829390e-01
  -1.4017907e-01
  -2.5821029e-02
  -1.5987737e-01
  -6.5463590e-01
  -5.5092222e-01
   3.9116714e+01
  -2.8423944e-01
  -5.3433711e-02
  -3.2339974e-02
   5.8130438e-01
   4.1353325e-01
   1.6072795e+00
   1.9344766e+00
   2.4016048e-01
   2.4698195e+01
   2.6278349e+01
   4.3026660e-01
   4.5490242e-01
   4.0009119e+01
   1.7021450e-01
   1.3035774e+01
  -3.6149365e-02
  -3.4503711e-02
  -1.4449301e-01
   3.5052755e+00
   6.6712613e+00
   6.3605102e-01
  -6.8166020e-02
   2.1305000e+01
   2.0030565e+01
   2.7466207e-01
   5.8811481e-01
   2.3760840e-01
   2.2306379e-01
  -1.5095920e-02
  -1.6515802e-01
  -1.6353519e-01
   3.4105073e+01
   3.5695337e+01
   8.0183964e+00
   9.3225146e+00
   2.8133922e+01
   2.5310063e+01
   3.7075052e+01
   3.5069730e+01
   3.6335029e+01
   1.7048639e-02
   1.0342911e-02
   7.4591147e-03
  -3.7610823e-04
   1.5132217e+00
   3.4180909e+01
   1.5719332e-01
  -1.6352627e-01
  -1.6294330e-02
  -3.8772885e-02
  -3.6409882e-02
  -9.3170805e-02
  -1.1665139e-01
  -5.7881538e-02
   1.2163144e+01
   1.4140141e+01
   1.4445411e+01
  -9.3191397e-02
   4.0249111e+01
  -3.6629168e-01
   1.3175646e+01
  -4.1284751e-02
  -4.9361648e-01
   4.9110028e+00
   3.4714184e-01
   3.0760805e-01
   2.0407838e+01
   7.9325313e+00
   2.7638696e+00
  -6.0028628e-02
  -3.6919675e-02
  -3.2514691e-02
  -5.4117338e-02
  -7.0458600e-02
  -1.1603009e-01
   6.6790494e-02
  -1.4506111e-01
  -1.2607351e-01
  -7.3355183e-01
  -6.5338263e-01
   3.1580770e-01
  -1.3677189e-02
  -2.4330495e-02
  -2.2771274e-02
  -1.7628997e-02
  -8.1548059e-02
  -2.7857914e-02
   3.1116730e-02
   6.7594864e-02
   3.6251851e-02
  -1.4698062e-01
  -1.7141613e-02
   1.7119639e-01
   1.1739519e-01
   3.8844084e+00
   3.5386666e+01
   4.0109160e-02
  -9.6488467e-02
  -9.4362765e-02
   4.4653340e+00
   4.8709123e+00
  -1.6385601e-01
  -1.6642092e-01
   1.2073070e-02
   2.0873823e+01
   2.2378620e+01
   3.5030429e+01
   3.3915686e+01
   3.7894002e+01
   3.7263058e+01
  -1.5455767e-02
   6.1893271e+00
   7.0099242e+00
   6.3942447e+00
   1.1598857e+01
   1.2278819e-01
   1.5045744e-01
   1.2659590e-01
   4.8163511e-02
   8.4610737e+00
   9.1453337e+00
  -1.7901028e-01
  -8.4810794e-02
   5.0777018e+00
   5.5219353e+00
   4.4868046e+00
   1.0755108e+01
   1.3544931e+01
  -1.6224757e-01
  -1.6234386e-01
  -6.2977360e-01
   1.1824758e+01
   1.1027758e+01
  -4.5695251e-01
  -5.0812434e-01
  -3.5488200e-01
  -3.3095754e-02
   9.4040076e+00
   9.3049194e+00
   4.0425755e+00
  -3.4808941e-02
  -2.6928134e-02
   6.4562063e+00
   5.3998338e+00
   4.5294526e+00
   5.2494606e+00
   6.3378053e+00
   4.5291402e+00
   2.8913454e+00
   3.3867417e-01
   3.1499493e-01
   2.9333667e-01
  -1.3807501e-01
  -1.4336565e-01
   2.3852563e+01
   2.3068100e+01
   2.5559820e+01
   2.4400192e-01
   2.7935556e-01
   6.2233330e-02
   8.2880449e-02
   4.6802904e-01
   3.9570284e+01
   4.0025436e+01
  -3.0674766e-02
  -3.3009128e-02
  -3.3449574e-02
  -8.0897355e-02
  -1.2444762e-01
  -4.9983536e-01
  -4.4172038e-01
   6.0286712e-01
   7.4592162e-01
   1.7450276e+00
   1.2520423e+00
   6.1894968e+00
   5.4127119e+00
   5.2813123e+00
   2.6885820e+00
   3.2605730e+00
   3.9047563e+00
   4.3060482e+00
   5.2383760e+00
   4.4501309e-01
  -9.7872985e-02
   1.9000861e+01
   1.9621192e+01
  -4.6347810e-02
  -4.1525267e-02
   3.3459590e-01
   2.1461476e-01
   1.8517054e-01
  -4.5749547e-02
  -4.0359537e-02
   5.3328451e+00
   4.6044213e+00
   5.3525426e-01
   2.1551788e-01
   2.8082162e+01
   2.9069208e-01
   5.1178103e-01
  -3.5029590e-02
  -3.7198598e-02
  -3.5417997e-02
   2.4416632e+00
   5.2651504e-03
  -3.6225100e-02
  -4.3810145e-02
   9.9557347e+00
   1.0336415e+01
   1.4668418e+01
   1.3522881e+01
  -2.2854839e-02
  -6.2550814e-02
  -9.0240105e-01
  -8.7321056e-01
  -9.2500268e-01
   1.9830327e-01
  -2.5952905e-02
  -1.6666909e-02
  -1.2194492e-01
  -1.0024415e-01
   4.7118365e+00
   4.5194382e+00
   2.6878534e+01
   2.6578187e+01
  -1.5232077e-01
   3.2540281e+00
   3.5300572e+00
   3.7041602e+00
   3.2242076e+00
   1.7356462e+01
   6.0267470e-01
   9.0375239e-01
   2.5175274e+01
   3.4414291e+01
   3.5526311e+01
   1.5179660e-02
  -5.6148082e-03
  -1.0353523e-02
   4.7138392e+00
  -1.9615551e-01
  -2.3208867e-01
   1.7906269e+01
   1.6916118e+01
   4.7976302e+00
   2.9428376e+00
   3.1715275e+00
   1.6003648e+01
   3.1882344e+00
   1.9032393e-01
   1.7114946e-01
  -5.3031265e-02
   9.6114915e+00
   1.1410906e+01
   1.1962952e+01
  -1.0178645e-01
  -3.7016822e-01
   3.9504998e+01
   4.0065814e+01
  -2.2499095e-02
  -2.8839590e-02
  -9.7586091e-02
   1.1962745e+01
   1.1568069e+01
  -2.6081562e-02
  -2.3723745e-02
   3.4854327e-01
   3.4207363e-01
   4.4716424e-01
   1.4072954e+01
   7.9478981e-01
   1.1698870e+00
   2.1246617e+00
   2.2196854e+00
   1.5454537e+00
   1.6674705e+00
   3.0434467e+01
   3.3347445e+01
  -4.3711159e-02
   1.7125140e-01
  -6.2492971e-02
  -5.6220849e-02
   2.9407478e-01
   3.0652498e-01
   8.2582146e+00
   1.1155103e-02
   2.2362955e-02
   3.8194311e-01
  -9.3417387e-03
  -9.6556864e-01
  -9.4782512e-01
   1.2855576e-01
  -6.1766436e-02
  -3.5702225e-02
  -4.3684656e-02
   2.5367001e+00
   3.0334041e+00
   1.6329411e-01
   1.8087920e-01
   4.0420840e+01
   4.0488586e+01
   4.0560986e+01
   4.0423467e+01
   1.3098196e+01
   3.9761318e+00
   4.0709093e+00
   5.4004038e+00
   2.7698850e-01
   2.0837249e-01
  -6.8383904e-02
   2.8094681e-01
   2.5839582e-01
   2.7556894e-01
  -1.3776837e-01
  -3.3041931e-01
  -5.1934753e-01
  -1.4434073e-01
  -2.7651260e-01
   4.9692633e-01
   3.8633340e-01
  -1.1490770e-01
  -6.6558846e-02
  -8.2699676e-02
   5.1537704e+00
   4.3340678e+00
   3.2507591e+00
  -2.8247343e-02
  -9.9853371e-03
   1.1747990e+00
   1.1232878e+00
   1.8580424e+00
  -2.9579822e-02
  -1.2892257e-02
  -4.3743139e-02
  -2.1612979e-02
  -1.7850216e-02
  -2.3431564e-02
  -8.2271425e-03
  -9.4170755e-02
  -7.2508872e-02
   2.1675840e-01
   2.1902003e-01
  -3.6544615e-01
  -2.4888687e-01
  -5.5216330e-04
  -5.6875596e-03
  -3.2811824e-02
  -3.6026734e-02
  -4.3414931e-02
   1.1667488e+01
   1.1176896e+01
   1.7861188e+00
   1.4501889e+01
   2.0507639e-01
   2.2898117e-01
   2.2285904e-01
   2.3880921e-01
  -1.7322594e-02
  -1.3893170e-02
  -2.8011857e-02
  -2.3237429e-02
  -9.4613950e-02
   4.0872501e+00
   3.4799994e+00
  -1.5520170e-01
  -1.6145953e-01
   1.3835574e+01
   1.4139257e+01
   3.1892828e-01
   2.3931580e+01
  -6.8298735e-03
  -1.2465058e-02
   1.4193409e+01
   1.5528206e+01
  -1.0319694e-01
   4.2059429e+00
   6.1624130e+00
   7.4204483e+00
   1.9131668e+01
   1.8698888e+01
   1.7146288e+01
   4.3561266e+00
   3.9489591e+00
   1.5661994e-01
   3.4784871e-01
   1.9291538e+00
   2.4021038e+01
  -7.7712495e-02
  -1.0419128e-01
  -1.0559689e-01
  -8.1244501e-02
  -5.0039612e-02
  -4.7385665e-02
   1.9842600e+01
   1.7063282e+01
   1.6612185e+01
  -1.3479980e-02
   4.2429822e-03
   5.3662845e+00
   9.4552595e+00
   2.3649151e+01
  -6.7176474e-02
  -3.2856500e-02
  -2.9174046e-02
  -1.5863212e-01
   1.2298788e+01
   1.3703717e+01
   1.2478134e+01
   9.5169007e+00
   9.7546857e+00
   1.0667984e+01
   1.5199186e-01
   1.4830356e-01
   2.3135307e-01
   3.5844077e+00
   3.9679634e+00
   3.6217882e+00
  -1.6461629e-01
  -1.6350021e-01
  -5.8168709e-01
   3.7313202e+00
   4.2057786e+00
   2.6834894e+00
   2.5207493e+00
   1.6398279e-01
   7.0308183e-02
   3.8950142e+01
   3.8714052e+01
   3.8915775e+01
  -3.3734129e-02
  -3.1968258e-02
  -3.8401395e-02
  -2.0559744e-01
  -6.2249277e-02
  -1.0770208e-01
  -1.0693675e-01
  -9.9610123e-02
   1.0986655e+01
   1.0006342e+01
   1.0228185e+01
   3.4008254e+00
   3.3876597e+00
   3.0733405e+00
  -9.3370980e-02
  -8.2283222e-02
  -5.8417583e-01
  -5.1798998e-01
   6.8176085e-02
   1.6928346e+00
   4.3176034e-01
  -1.9673859e-01
  -2.2415246e-01
   1.6985120e+01
   1.3678127e+01
   1.2674526e+01
  -7.8355018e-02
   9.2843038e-01
   2.8988439e+00
   1.8599303e+00
   1.6394814e+00
   2.9319406e+01
   3.4464034e+01
   3.2922875e+01
   3.2286506e+01
   3.5235844e+01
   3.4721274e+01
   2.7284661e+01
   2.9449705e+01
   5.5616308e-01
   1.4475277e+01
   1.3149349e+01
   1.3503867e+01
   2.5621534e-02
  -4.8319698e-02
   2.8383595e+01
   2.6708969e+01
  -3.5404380e-02
  -4.4008397e-02
   7.3671354e-03
   1.9337067e-02
   1.8543944e+01
  -2.6643460e-02
   2.6936145e+00
   5.8034405e-01
   7.2358606e-01
   4.4258531e+00
  -4.7432048e-01
  -5.2227260e-01
   2.0046976e+00
   8.5183817e-01
  -2.7981600e-02
  -1.9762072e-02
   2.5260559e+01
   2.3494761e+01
   1.3050966e+01
   3.6366281e+00
   3.8628812e+00
   1.0080167e+01
   2.0708798e+01
  -1.2588364e-01
  -1.2546470e-01
  -1.1701836e-01
  -7.3196641e-01
  -3.9064151e-04
  -4.0533153e-02
  -1.5773300e-01
  -1.5643954e-01
  -3.5796143e-01
  -3.1076800e-01
   1.9090750e-03
  -1.8552978e-02
   2.1080997e+01
   1.9966171e+01
   2.3745665e+00
   3.9279916e+00
   2.7871269e+00
   3.2949897e+00
  -1.4421673e-02
  -1.8861500e-02
   7.1698411e+00
   5.2814128e+00
  -1.1834091e-01
   1.5493110e-01
   1.1343462e-02
   6.5950439e-01
  -7.0230803e-02
   5.6116564e+00
   6.0663756e+00
  -6.4085439e-02
  -7.5791173e-02
  -1.6646367e-01
  -1.6483864e-01
  -7.5523188e-01
   3.1231503e+01
  -5.5015707e-02
   3.0946106e+00
   3.3715895e+00
  -1.3357219e-01
  -2.2446260e-01
  -8.8299576e-02
  -7.6154461e-02
   1.3457156e+00
   1.6976461e+00
   1.2077954e+00
   1.6600049e+00
   1.5131323e+00
   2.5804741e+01
   2.5418067e+01
  -8.3062729e-02
   3.0171731e-01
   1.0407142e+00
   1.3300573e+00
   2.3981818e-01
   2.6299371e+01
   2.6903386e+01
   1.9608997e-01
   1.2539683e+00
   2.8706093e+01
   2.7579075e+01
   1.9592985e+01
   2.3546318e+01
  -2.9677334e-01
   2.0368358e+01
   4.0405725e-01
   4.6637049e-01
   2.7810585e-01
   2.0972135e-01
   9.8396263e-02
   8.2132570e+00
   8.9768166e+00
   2.0122145e-01
  -3.4658242e-02
   1.7263025e-01
  -2.8467522e-01
   1.9244512e-01
   1.9934904e-01
   1.9924511e-01
   2.1398038e-01
   1.8942876e-01
   2.8574254e-02
   2.1712411e+01
   1.8757214e+00
  -3.1400460e-03
  -9.5602070e-02
  -5.2321667e-03
  -6.4796285e-02
   2.7707833e+01
   2.9710527e+01
  -1.6227225e-01
   2.9158180e+00
   3.1871197e+00
   3.7849432e+00
   4.7065825e-03
   1.1542452e+01
   1.2839500e+01
  -2.4310503e-01
  -2.3929049e-01
  -2.2317654e-01
  -2.2188566e-01
   6.4197017e-02
   1.2508917e-01
   4.2061962e-02
   1.2689818e+01
   1.5670019e+01
   1.0473593e-01
   2.0734841e-01
   2.0288051e-01
   1.6960532e-01
   2.2352132e-01
   2.5916766e+01
   2.6913643e+01
   2.4990085e+01
   3.5441474e-01
   2.6587930e-01
   4.9522879e+00
   4.1112749e+00
  -1.9900455e-02
  -1.7284773e-02
   4.0001480e-01
   1.5509999e-01
  -8.3129484e-03
   2.2990216e+00
   1.7901013e+00
   2.4456462e+00
   2.0482397e+00
   1.8407355e+00
   1.3631750e+00
   1.3351141e+00
   3.1172729e+00
  -2.1131650e-01
  -6.2951533e-01
  -6.1953207e-01
  -5.3901911e-01
   1.7671001e+00
   1.3739486e+00
   9.5457635e-01
  -2.8616894e-02
  -2.6495726e-02
  -2.3522298e-02
   2.4033770e+01
   2.1050072e+01
   2.1002195e+01
   1.1131695e+01
   1.2884266e+01
   5.8245833e+00
   4.4925648e+00
   5.2596131e+00
   1.2229899e+01
   1.4006990e+01
   1.2840522e+01
   1.9560292e+01
   2.0102612e+01
   1.8681182e+01
  -1.2586876e-01
  -8.9928588e-01
  -7.9596663e-01
  -8.6871381e-01
  -1.6565537e-01
  -1.0003916e-01
  -2.5789858e-01
  -1.3610965e-01
  -1.5187390e-01
  -1.5067441e-01
  -1.5549054e-01
  -1.3177055e-01
  -1.3854099e-01
  -1.1670496e-02
  -2.1917670e-02
  -1.0196873e-02
   2.6597451e+00
   1.8322608e+01
   1.9786912e+01
   1.8360982e+01
   3.3608738e+00
   2.4087893e+00
   2.2498422e+00
   3.0567304e+00
   7.9278637e-01
  -7.2736387e-03
  -5.8043669e-02
   1.7455159e-02
  -1.4987967e-02
  -4.8206214e-02
  -4.9637653e-02
  -1.0832703e-01
  -1.3233006e-01
  -1.0547946e-01
  -3.9718355e-02
   2.9236579e-02
  -1.3556461e-02
   2.0563238e+01
   2.2254196e+01
   2.2441298e-01
   2.7395794e-01
   3.1098510e-01
   3.7883673e-01
   3.5287126e-01
  -1.3605139e-01
  -1.3016663e-01
   9.6843576e-02
   1.8564945e-01
   1.3452502e+01
   1.3537228e+01
  -7.3371687e-02
   9.9155263e-02
   4.7888296e+00
   4.9491043e+00
   5.4292172e+00
   7.6482232e+00
   6.5376318e+00
   7.0082172e+00
   7.6755753e+00
   8.6565164e+00
   7.3493231e+00
   8.7277767e+00
  -5.2752646e-02
  -7.0260002e-02
  -4.7693072e-02
  -1.6186761e-01
  -1.6464677e-01
  -1.6295159e-01
  -7.8611454e-01
  -7.3359866e-01
  -6.6222527e-01
  -4.3621467e-01
  -1.9436764e-01
  -7.3002901e-01
  -6.7187553e-01
   2.8252026e+01
   2.9424486e+01
  -7.4319135e-02
   2.9996184e+00
   2.3374553e+00
  -1.3425375e-01
  -1.3346965e-01
   1.3932885e+00
  -1.9370329e-02
  -1.7892517e-01
  -2.1958227e-01
  -3.0520153e-01
  -4.1421942e-01
  -3.6320684e-01
   1.6098784e+01
   1.6197126e+01
   2.1436559e+01
   1.8815108e+01
   8.6426241e+00
   9.7157732e+00
  -6.2979275e-02
  -8.7157434e-02
  -6.3010077e-02
  -4.9269196e-02
  -6.6654880e-02
  -4.3843603e-02
  -4.7272146e-02
  -5.7983193e-02
   1.9991554e+00
   1.5092158e+00
   2.1960700e+00
   1.3282713e+00
   1.8106171e+00
   2.1637575e+00
   3.2702329e+01
   4.6652352e-01
  -2.6466533e-01
   1.0457991e+00
   1.4215484e+00
   8.4891874e-01
  -3.2477772e-01
  -1.8969615e-01
  -1.3487807e-01
  -1.3544562e-03
  -5.7202323e-02
  -3.1784010e-02
   6.0832677e-03
  -7.4652569e-03
   1.3092006e-03
   5.2276462e-03
   3.5564309e-01
   2.5678371e-01
   4.3755974e-01
   1.2108505e+00
   7.2164117e-03
  -2.0587283e-02
  -2.3197864e-02
  -1.9124751e-02
   1.5387641e+00
   1.3365024e+00
   1.4235794e+00
   4.6431892e+00
   4.6417279e+00
   3.9420263e+01
   4.2813574e-01
   3.5561417e-01
  -5.6555884e-01
  -5.0834188e-01
  -9.3863825e-01
  -9.3990205e-01
  -1.7510148e-01
   7.3210960e-02
   1.4227374e-02
  -6.3005137e-01
  -4.8557307e-01
   4.5258258e-01
   2.6347982e+01
   2.7622564e+01
   1.3575721e-02
   2.6813035e-04
   1.2739481e-02
   1.6051031e+01
   1.4533906e+01
   4.7115107e+00
  -1.9719251e-02
   3.9336749e-02
   2.1681160e+01
   1.9125277e+01
   3.5751326e+01
   8.0454673e-01
   8.6689746e-01
   3.3235846e+00
   3.4328809e+00
   3.7656302e+00
   2.8689426e+00
  -1.6156229e-01
   9.4520587e-01
   1.2618284e+00
   4.2392630e-01
   4.5505305e-01
   9.6537594e+00
   1.6862599e+01
   1.7994937e+01
  -3.4545091e-02
  -1.6690677e-02
   5.5594167e+00
  -3.1120078e-01
  -2.8775033e-01
   2.1863457e+00
   2.7072158e+00
   4.5796012e+00
   5.7014142e+00
  -3.1160449e-01
  -2.5206574e-01
   8.1359962e-02
   3.2268301e-02
   8.2834967e+00
   5.7363930e+00
  -6.4192267e-01
  -6.6210366e-01
  -4.1821252e-01
  -5.8782733e-01
   3.5875475e+01
   3.5058706e+01
   3.3244346e+01
   3.2793317e+01
  -6.8495189e-02
  -5.1534118e-02
  -1.4945659e-01
  -1.1904248e-01
  -1.7668025e-01
  -1.7302472e-01
  -1.1711002e-01
  -1.2704898e-01
  -1.3104079e-01
   1.8909581e+01
   2.2283390e+01
  -1.0041548e-01
   2.3833001e-01
  -2.7989402e-02
  -2.6018343e-03
  -1.1736027e-02
  -1.5599231e-02
   3.8763989e+00
   9.4244361e+00
   8.4591729e+00
  -2.0804127e-01
  -4.6212965e-01
  -4.3046704e-01
  -3.0619127e-01
   7.4985300e+00
   9.6262948e+00
   1.9037816e-01
   9.0097968e+00
   1.6524667e+01
   1.4924565e+01
   1.6600827e+01
   3.2084948e+01
   3.4203019e+01
   3.3674540e+01
   1.0165504e+00
   4.5985845e+00
  -2.7139482e-01
  -6.6673744e-01
  -6.3061046e-01
  -7.6731908e-01
  -7.0924706e-01
  -7.7391576e-01
  -6.4991490e-01
   2.6906229e+00
  -2.5862526e-02
  -3.6003111e-02
  -5.4419164e-03
  -5.9843124e-03
   6.1023736e-01
   7.4066845e-01
   8.4981531e-01
   9.1132778e-01
  -5.9672315e-02
   7.2149952e-01
   2.7708781e-01
   2.0433358e-01
  -3.9721089e-01
  -2.8988216e-01
  -3.8096810e-01
  -3.2702852e-01
   9.5865495e-02
  -4.5456245e-02
  -6.3949813e-02
  -1.1437751e-01
   8.7301638e+00
   2.4430311e+01
   2.2753159e+01
   2.1824953e+01
   2.3223295e+01
   2.4021119e+01
   2.4298339e+01
   2.5859051e+01
   6.3794305e+00
   4.4296745e+00
   4.3084287e+00
   2.9226707e+01
  -7.9590333e-02
  -6.6181948e-02
   1.5835765e+00
   2.1136299e+00
   2.4201782e+00
   2.7322270e+00
   2.0789519e+00
   7.8455692e+00
   1.2573791e+01
   3.9114490e+01
   3.6895891e-01
  -8.9162545e-01
  -8.8706988e-01
  -8.1986296e-01
  -7.6606159e-01
  -8.0567650e-01
   2.3637047e+01
  -1.4053360e-02
   6.3834426e-02
   1.0242821e-01
   8.1944585e-02
  -3.7244095e-02
  -5.1002048e-01
  -6.1866966e-01
  -1.2444989e-01
  -1.0231581e-01
   3.4648263e+00
   4.4475841e+00
   5.4062624e+00
   3.9066296e+00
   3.2182790e+00
   2.2135775e+01
   2.2048916e+01
   2.0317312e+01
   1.8096542e+01
   1.8166389e+01
   1.9733223e+01
   1.2441947e+01
   3.3013044e+01
   3.0731459e+01
   3.2163414e+01
   2.7444344e+01
   1.6017742e+01
   1.7478136e-01
   2.0231888e-01
   1.9417491e-01
   1.9988888e-01
   1.8291769e-01
   3.2532772e+01
   3.0537723e+01
   7.8568497e-01
   4.7623369e+00
   5.8501458e+00
   3.0179218e+00
   9.0594554e+00
   1.0094564e+01
   4.5052761e+00
   5.4862657e+00
   5.9755143e+00
   8.1067320e+00
   7.7860141e+00
  -3.5893829e-02
   5.1723340e-03
   6.3529046e-02
   7.3638060e-01
   1.3175007e+00
   3.9384203e-01
   9.6497948e+00
   7.8414474e+00
   1.0622161e+01
   1.1002046e+01
   9.0392219e+00
   1.7879408e+01
   1.7054055e+01
   2.0349427e+01
   2.2008611e+01
   3.4580297e+01
   9.8287019e-01
   8.1610622e-01
   1.0795545e+00
   2.8427670e+00
  -1.6055121e-01
  -1.0293391e-01
  -8.6347151e-02
  -6.0873889e-01
  -5.3357094e-01
  -4.2026534e-01
  -3.5219408e-01
   1.5268449e+00
   1.3450884e+00
   9.7180409e-01
   3.5833879e-01
   8.0796577e+00
   6.7076674e+00
   7.8808990e+00
   1.5243377e+01
   1.4785963e+01
  -3.1741642e-02
  -3.0261231e-02
  -2.9010739e-02
  -1.6478799e-02
   5.7870728e+00
   5.1355505e+00
   6.8941883e+00
  -4.2634989e-01
  -5.3895439e-01
  -5.2410582e-01
  -4.1574151e-01
   3.0335433e+00
   2.5233485e+00
   1.5820485e+00
   2.6828589e+00
   2.8692326e+00
   1.8239081e+00
   8.5044990e+00
   5.4913162e+00
   9.5300761e+00
   8.2534296e+00
   3.0978629e+00
   3.1343301e-01
   1.5358204e-01
   1.4177692e-01
   9.7951420e-02
   1.0876549e-01
  -9.4128543e-02
   2.1249286e+01
   4.6495701e+00
   2.5408561e+00
   1.9549136e+00
   2.4232086e-01
   3.0397270e-01
  -2.1010559e-01
  -1.4314456e-01
  -3.5599705e-02
   4.5890731e-02
  -1.2320515e-01
   5.3336827e-01
   4.1876027e-03
   2.1927307e-02
   9.4070970e-02
  -2.9976910e-01
   2.1546350e-01
   8.1122331e+00
   6.1799219e+00
  -7.1793264e-01
  -6.6430569e-01
  -7.1283224e-01
  -2.2043519e-01
  -2.2275670e-01
  -3.4898581e-01
   3.4395445e+01
   3.2461799e+01
   3.0776537e+01
   2.9416149e+01
  -9.3430509e-02
  -7.4231992e-02
  -9.2109564e-02
  -5.3907249e-02
  -1.7040774e-02
  -1.6936819e-01
  -9.8510263e-02
  -1.4095160e-01
  -1.1791557e-01
  -1.6008248e-01
  -1.2580335e-01
  -1.1952514e-01
  -1.1376578e-01
  -1.0194660e-01
  -4.9425075e-02
  -2.0717092e-01
   6.8944202e-02
   2.1165682e+01
   2.3515398e+01
   1.7263390e+01
   1.8290538e+01
   2.4333972e+01
   2.3168833e+01
   3.0064498e-01
   2.3921106e-01
   3.8225272e-01
   1.1019605e+00
   8.4452427e-01
   6.6098695e-01
   1.9229796e-01
   2.7093778e-01
   2.3199261e-01
   1.1706717e+00
   5.5514101e-01
  -1.6489631e-01
   1.4287964e+00
   5.1411326e+00
   4.1836355e+00
  -1.7460898e-02
   4.1051194e-03
  -6.6163119e-03
  -2.0727414e-02
   1.0689697e-03
   3.9098550e-03
   1.5426443e+00
   6.4803098e-01
   8.7367349e-01
  -1.8734372e-02
  -4.2141308e-03
  -2.1735334e-02
  -4.7930721e-02
  -5.5303862e-02
  -3.2957100e-02
  -3.7282091e-02
  -1.0845533e-02
   9.4872384e-03
   5.3213068e-03
  -3.5608458e-03
  -3.1541035e-03
  -1.1277063e-02
   4.6305047e-03
  -6.5314291e-03
  -6.1589330e-01
  -6.9837831e-01
   6.2162184e-02
   8.4001765e-02
   1.7217721e-03
   3.9917674e+01
   3.9935410e+01
  -2.8728818e-02
   1.6646050e+01
   1.5499188e+01
   1.3327901e+01
   1.3291049e+01
   5.3721010e-01
   8.1353441e-01
  -1.0920853e-01
  -9.5966507e-02
   2.8267809e+01
   2.7933819e+01
   6.4877659e+00
   5.3266641e+00
   1.9135467e+01
   1.9393891e+01
   2.9313241e+01
   3.1152158e+01
   6.9491277e-01
   7.6486831e-01
   4.9339016e-02
   6.9854934e-02
   7.8246315e+00
   8.4608973e+00
   3.1812208e-01
   3.9457936e+01
   3.9977433e+01
   2.3982564e+00
   2.1278329e+00
   2.8309465e+01
  -2.9752920e-02
  -1.1888695e-02
  -4.4968386e-01
  -5.1194833e-01
   4.0009234e-01
   2.9293504e-01
   9.3514793e+00
   1.1878766e+01
   1.2252539e+01
  -1.9728729e-02
  -4.1913553e-02
   3.2894113e+01
  -1.0239163e-02
  -1.1961307e-02
   4.5013960e+00
   3.9239060e+00
   1.8979639e+01
   1.8917500e+01
  -1.7918700e-02
  -1.3904677e-01
  -1.3290953e-01
   1.1902609e+00
   1.6112386e+00
  -2.8819851e-02
  -4.6237812e-03
   2.3785479e-01
   1.5361496e-01
   3.3907107e+01
   3.2368249e+01
   3.0308086e+01
   2.8529894e+01
  -1.4189651e-01
  -1.4590734e-01
  -6.6476282e-02
  -5.6128446e-02
   2.3006046e+00
   1.9634381e+00
   1.1358136e+00
   1.5131165e+00
  -1.4432757e-02
   2.9572427e+01
   3.5300230e-01
   5.3347094e-01
   3.6440554e+01
   1.1043403e-01
   7.5809688e-01
   8.9352449e-01
   1.4955874e-01
  -7.7595084e-02
  -2.2892610e-02
  -3.1192100e-02
   4.7850357e-02
   4.4962979e-02
   4.0968766e-01
   3.0639997e-01
  -5.1856488e-02
   1.0680618e+00
   1.4452947e+00
  -4.2353215e-02
  -4.4034280e-02
   4.6087310e+00
   4.4869161e+00
   5.3082986e+00
   1.1235714e+00
   9.9046881e-01
  -1.3225338e-01
  -6.7820773e-02
   1.4065224e+01
   6.4862061e-01
   1.3191784e+00
   2.7940078e+00
   2.2983058e+00
   3.2656044e+00
   3.5213198e+01
   3.4080573e+01
  -1.4840681e-01
  -1.5597002e-01
   2.7284338e-01
  -3.4513914e-02
  -2.3693664e-02
   1.2551812e-01
  -1.3993297e-01
  -1.3199358e-01
   3.8713605e+01
  -1.0731893e-01
  -1.0582010e-01
   1.4739011e+00
   1.9542890e+00
   1.9714171e+00
   1.6761515e+00
  -5.5175213e-01
  -6.0097269e-01
   1.6003865e+01
   1.3641019e+01
   1.0881247e+00
   1.6538016e+00
   6.1085699e+00
   8.5547220e-01
  -3.1345135e-02
  -2.1849643e-02
  -1.3561087e-02
  -7.7157112e-03
   6.6530150e+00
   5.4379046e+00
   6.6621660e+00
   1.2903837e+01
   1.4023964e+01
   3.4950502e+00
   2.4754911e+00
   4.4720441e-01
   4.8140963e-01
   2.3337746e+00
   2.3619279e+00
   1.0220608e+00
   1.4848476e+00
  -1.3514938e-01
   4.8411976e-02
   2.5464018e-02
   1.1396416e-01
   1.8819699e+01
   2.0500193e+01
   1.7808896e-01
   2.1444567e-01
   3.3511971e-01
   3.9087543e-01
   3.2605524e+01
   3.3755194e+01
   2.0462319e+01
   2.2832854e+01
   1.0611785e+00
   6.7562875e-01
   3.1396302e+00
   3.2311271e+00
   1.3582718e-01
   1.7541518e-01
   1.3035616e+00
   1.3781542e+00
   7.5003556e-01
   6.5677645e-01
   1.1614615e-02
   5.0812958e-02
   4.9696649e+00
   3.4474738e+00
   4.9733005e-01
   1.0525506e+00
   9.6999632e-01
  -2.5310027e-02
  -3.4535800e-02
   3.3419242e+01
   5.7607457e+00
   5.2455108e+00
   1.8156647e-02
   2.4705511e-01
   6.6377738e-02
   3.8611323e+01
   3.6899135e+01
   1.1478072e+01
   1.0031485e+01
  -2.9621390e-02
   1.4585432e-01
   1.9702248e-01
   3.1491291e+00
   4.0484421e+00
   1.8441415e+00
   1.7446546e+00
   2.1197200e+01
   1.5923415e-01
   1.2968021e-01
   1.0222796e+01
   9.6552078e+00
   2.3664968e+01
   2.5120237e+01
   1.9854562e-02
   2.4653414e+00
   2.5217050e+00
   2.0237385e+00
   1.8449221e+00
   2.2778772e+00
   3.0586622e+01
   3.0684900e+01
   1.5772885e+01
   1.2347590e+01
   1.3819437e+01
   1.1058402e-01
   1.4766429e-01
   1.0617683e-01
   1.0471901e-01
   1.6993312e-01
   1.5685705e-01
   7.4184387e-01
   1.0010096e+01
  -3.3764716e-01
   6.0563611e-01
   7.0812940e-01
  -4.4200128e-02
  -4.2359665e-02
  -1.9961059e-02
  -3.2479675e-02
  -2.3841381e-02
  -3.9509648e-02
  -1.5663281e-02
  -8.2354806e-03
  -1.1603189e-02
  -1.3631934e-02
   2.6499177e+01
   2.7409939e+01
  -1.2934261e-01
  -1.2406066e-01
  -1.2597503e-01
  -1.1467047e-01
  -1.2642892e-01
  -1.1561536e-01
   8.3136994e+00
   9.3586224e+00
   1.3943106e+01
   1.2746652e+01
   1.4609972e+01
   4.6698685e-01
   5.8958926e-01
   5.5532447e-01
   3.6913808e+01
   3.7505475e+01
   1.6014284e+00
   6.1390523e-01
   1.0082733e+00
   2.0921984e+00
   5.8641343e-02
  -2.0493376e-01
   1.4340924e-02
   1.3253754e-01
   1.8700737e+01
   2.0215675e+01
   2.1246230e+01
   2.3448958e+01
   7.8260124e-02
   4.5440590e-02
   1.1336037e-01
   2.6690764e-01
   1.6284563e-01
   2.2357203e-01
  -5.4229008e-02
  -7.4805943e-02
   1.8949276e-01
   4.9458658e-01
  -3.3059968e-02
  -3.5627203e-01
   4.0071507e+00
   4.3625758e+00
   3.2127542e+01
   3.1419977e+01
   3.3462753e+01
   3.6000805e+01
   3.0982184e+01
   2.9655146e+01
  -1.1660795e-01
  -1.1740594e-01
  -1.4032034e-01
  -1.3898336e-01
  -2.5435103e-01
  -1.4848401e-01
   2.0733374e+01
   2.3040250e+01
   2.4788808e+01
  -2.1529522e-01
   9.6045840e-01
   1.2518461e+00
   5.9606638e-01
   6.3185415e-01
   4.4329816e-01
   1.5750344e-01
  -3.2082072e-02
   2.5032085e+00
   2.9601441e+00
   5.3829246e+00
   4.3555896e+00
   4.5409061e+00
  -1.9638213e-02
  -1.5508694e-02
  -4.7347720e-03
   9.1716991e-02
   1.9100120e-01
   9.1038728e-02
   2.3176154e+01
   2.2532468e+01
   7.9636978e-01
   1.0028442e+00
   9.2815785e-01
   2.9969072e+00
   3.3820036e+00
   1.2181432e+00
   1.3264113e+00
   1.8265735e+00
   2.3895781e+00
   1.6878642e+00
   2.4063567e+00
   1.0417922e+01
   1.0548143e+01
  -7.0755259e-02
  -1.0674777e-01
   3.0314666e-01
   4.4316443e-01
   7.0153345e-02
  -1.7799387e-02
  -3.2170762e-03
   7.0017231e-02
   8.2593254e-02
   6.6642499e+00
   3.4523707e+00
   6.8014377e-02
   1.8421238e+00
   4.1220097e-01
   5.2150723e-01
  -1.2720131e-01
   5.6131874e-01
   6.6953310e-02
   3.0245841e-02
   2.7112030e-01
   2.8251429e-01
   8.1680556e-02
   2.2755812e-01
   1.5392354e+00
   2.0938135e+00
  -1.2237809e-02
  -1.1953374e-02
  -2.7217878e-02
   3.4856740e+01
   3.4423610e+01
   3.5430346e+01
   3.1132490e+00
   2.7520998e+00
   4.0574830e-01
   7.6958966e-01
   4.2750804e-01
   3.4253550e-02
   4.0886046e-02
   1.1306998e+00
   5.9700421e-02
   1.6847467e-01
   2.1165003e-02
   1.9544638e-02
   3.6839223e+00
   3.5566658e+00
   1.1117432e+00
   1.0164616e+00
   5.7006024e-01
   1.8696424e-01
   2.4776436e-01
   1.3638956e-02
   1.1878859e-02
   5.7408476e+00
   4.4350037e+00
   5.3527332e-01
   4.7978767e-01
   2.2251977e+00
   1.5028038e+01
   1.4993616e+01
  -7.6163377e-02
  -1.3484022e-01
   1.0071083e+00
   7.6655924e-01
  -4.2878892e-01
  -3.0023456e-01
  -8.1520213e-02
  -9.6672125e-02
   5.8483401e-01
   1.0561367e+00
   9.2745285e-01
  -6.5606177e-01
  -5.8543148e-01
   2.2138073e-02
  -1.2270106e-01
  -1.1333077e-01
  -5.7994074e-01
  -4.1738017e-01
   1.7386731e+01
   1.5591316e+01
   1.6399262e+00
   1.2258302e+00
   6.2765044e-01
   7.3700487e-01
   2.3457391e+00
   1.6048824e-01
   3.8982354e-02
   3.6283955e+01
   3.5098511e+01
  -1.1767487e-01
  -1.1555522e-01
  -1.3187158e-01
  -1.4136572e-01
   2.7491985e+01
   2.6495471e+01
   3.3767466e-02
  -5.4898034e-02
  -4.9814810e-01
  -6.0165326e-01
  -8.8968440e-03
  -1.1408239e-02
   7.2150475e+00
   5.7043314e+00
   7.1046096e+00
   3.1830841e+01
   3.1695520e+01
   3.1400194e-01
   1.5368837e+00
   2.3494348e-02
   1.3743256e-01
   3.7168135e-02
   6.3637427e-02
   4.6522045e-02
   8.7847821e-01
   5.3710738e-01
   5.8592764e-01
   1.8961385e+00
   2.7248210e+00
   1.8454191e-01
   9.1097119e-02
   3.7963747e+01
   3.7180049e+01
   8.1649024e-02
   6.4427521e-02
  -1.5733866e-01
  -6.7683211e-02
   1.1038651e-01
   9.8531938e-02
   1.4731691e-01
   2.9721468e+00
   2.3377187e+00
   9.2222163e-01
   1.0630470e+00
   1.7036985e+00
   2.2382651e+00
   1.9153509e+00
   7.3439512e-03
   1.0260496e-03
  -1.2950774e-01
  -2.5587538e-02
   2.1422473e-02
  -8.5487501e-02
   9.3231877e+00
   1.0445904e+01
   9.1490071e+00
   2.3435274e+00
   1.5373357e+00
   3.8109580e+01
   1.5314345e+00
   6.0654761e+00
   6.8009784e+00
   4.5075801e+00
   2.9485918e-01
   5.4412318e-01
   4.6185536e-01
   3.3783815e-01
   5.6625002e-01
   4.2106404e-01
   3.2194017e-01
   2.2656438e-01
   2.2610210e+00
   2.6592916e+00
   1.6570007e+00
  -4.9504365e-02
  -4.8614159e-02
  -3.0887481e-02
  -3.8043596e-02
  -5.4166273e-02
  -3.2675699e-02
   1.9418324e-02
   1.9498234e-02
   2.6201939e-01
   2.6197964e-01
  -4.3614132e-01
  -8.3201279e-02
  -3.3651660e-01
   8.1334424e-01
   1.2210913e+00
   3.5002304e-01
   2.4209610e+01
   2.3914522e+01
   3.2411753e-01
   3.5708938e-01
   3.1019832e+01
   3.2071049e+01
   3.1347426e+01
   4.0999938e-02
   7.7098719e-02
   3.5186747e-01
   3.2082461e+01
   3.3197448e+01
   2.9285354e+01
   3.8982496e-01
   8.3472664e-01
   1.6565337e-02
   9.1831434e-03
   1.2777154e-02
   1.9012644e+01
   1.7706827e+01
   1.7476082e+01
   3.1622367e-01
   1.8204514e+01
   2.0069218e+01
  -5.1014917e-01
  -6.2283920e-01
  -2.8282068e-01
  -6.0498108e-01
   6.3859228e+00
   1.4648068e+00
  -4.0643560e-01
  -3.8740221e-01
   5.3957583e-01
   5.5961568e-01
  -1.0512772e-03
  -3.6140624e-03
   2.5456379e-01
   6.0026640e-01
  -1.5750630e-02
  -8.5425436e-03
   4.4729595e-01
   4.4203018e-01
   3.8536404e-01
   2.7344753e-01
   4.5604411e-01
   7.4304275e-02
  -5.1807923e-03
   1.6078535e-01
   1.7347994e-01
   2.1994012e+01
   2.3023256e+01
   2.2275942e+01
   3.3039731e-01
   3.3133604e-01
   3.6473662e-01
   5.4422871e-01
   6.6009426e-01
   2.1720176e-03
   6.6845277e-02
   1.4917595e-01
   2.7815715e-01
   1.7519180e-01
   2.6615682e-01
   1.0676529e-01
  -1.6697744e-01
   1.3846696e-01
   2.2505123e-01
   1.0626226e+01
   1.2791600e+01
   1.1647925e+01
   9.9106273e-02
   1.3069208e-01
  -6.0786626e-02
  -1.6537624e-02
   1.8767865e-02
   1.4622411e-02
   2.2993813e-03
   2.2063378e+00
   2.6160233e+00
   3.3597885e-01
   4.2511353e-01
   1.0610927e+00
   1.3949099e+00
   3.7331467e-01
  -6.8917786e-02
   4.2601097e-01
   2.6701429e+01
   2.4437946e+01
  -1.2435532e-01
  -1.3270564e-01
   2.0869538e-02
   3.6547880e+01
   3.5735666e-01
   6.5596978e-01
   9.5027257e-02
   9.1678286e-02
   9.3991336e-02
   1.2592562e-01
  -3.0087476e-01
  -2.6563575e-01
   4.2679767e-03
  -8.4972320e-03
   9.8233177e+00
   3.0962184e-01
   2.9439548e-01
   3.3403006e-01
   4.6547243e-01
   5.5557506e-01
   2.6692627e-02
   4.0446337e-02
  -1.4346754e-02
  -6.2474330e-03
   2.1747615e-01
   1.9005470e-01
   9.0936809e-01
   7.8165577e-01
  -6.3907187e-02
  -7.3661741e-02
  -7.1359303e-02
   9.4255731e-01
   5.7767455e-01
   5.2685854e-01
   1.8947921e-01
   1.4069223e-01
   1.7988525e-01
   2.8286747e+00
   1.3102089e+01
   1.2242240e+01
   1.1027554e+01
   4.8196634e-01
   1.8532816e-01
   2.4567309e-01
   2.8778557e-01
   1.4860901e-01
   9.5076996e-02
   7.6339702e-01
   6.5148152e-01
   2.8309923e+01
   2.8358310e+01
   1.3707187e-05
   1.3772285e-02
   1.5139243e+00
   1.3786970e+00
  -9.1224274e-02
  -5.0568903e-01
  -4.1627531e-01
   3.0466143e+01
   3.2027054e+01
   3.1584055e+01
   2.9861153e+01
  -3.0773948e-01
   1.6161837e+00
   1.9059220e+00
   5.6311911e-01
   4.2928450e-01
   1.1324997e-01
  -4.7260887e-03
   3.6972423e-02
   3.3043035e+01
   3.2685931e+01
   6.7811892e-02
   1.7144007e-01
   3.6371332e-01
   5.0811557e-01
   2.6188498e+01
   2.6200268e+01
   5.3162977e-01
   6.9127285e-02
  -2.7046866e-03
  -1.7988680e-03
   2.4323090e-01
   6.9412233e-01
   3.0776661e+01
   3.0173792e+01
   2.8969033e-01
   3.8912566e-01
  -1.6653519e-01
  -7.8069196e-02
  -3.7967878e-02
  -3.5576011e-02
   3.3035848e-01
   4.9707398e-01
   2.0096109e+00
   3.2511641e-01
   3.0716667e-01
  -6.8121928e-04
   9.8129243e-03
   4.4924217e-01
   1.2950818e+00
   3.5925228e-01
   5.7769676e-01
   1.3150953e+00
   1.9725198e+00
   3.0602093e-01
   3.2405028e-01
   3.5905211e-01
   4.1594753e-01
   4.9954751e-01
   6.7568803e-01
   7.9612272e-01
   5.2794436e-01
   4.7198754e-01
   6.2485717e-01
   4.2160164e+00
   3.3564482e+00
   8.8646820e-03
   1.3896199e-02
  -1.4104999e-03
   3.3593276e-01
   3.7722541e-01
   7.9017593e-01
   5.9802375e-01
  -2.3090458e-02
   6.3665258e-02
  -4.3789026e-02
  -8.1085902e-02
   3.2641260e+01
   3.4255434e+01
   7.5767297e-02
   4.3921546e-02
   1.2836923e+01
   1.2550282e+01
   2.9311330e+01
   2.8101003e+01
  -1.2258957e-01
  -1.1478237e-01
   1.9269330e-01
   2.2847541e-01
   3.4432870e-01
   2.7668981e-01
  -1.3332743e-01
  -1.0338528e-01
   2.3231103e+01
   2.4329861e+01
   1.4870374e+00
   1.2247675e+00
  -1.2712758e-01
  -1.0918830e-01
   4.3517059e-01
   1.6222856e-02
   1.1319470e+01
   1.1518416e+01
   2.2777754e+01
   2.4559436e+01
   1.4557127e-01
   1.1056405e-01
   3.2305271e+01
   3.1881941e+01
  -2.5910674e-02
  -5.0504772e-02
  -2.8818314e-01
  -3.1561671e-01
   3.6654823e+01
   3.6947212e+01
  -2.9118709e-02
  -1.4801021e-02
   1.1600256e-01
   2.8625143e-01
  -1.5620311e-01
  -1.5440640e-01
  -3.8266643e-02
  -3.3007838e-02
   1.5410193e-02
   1.5942499e-02
  -3.0505290e-02
  -1.8977227e-02
   7.3561416e-01
   8.3695515e-01
   3.5549321e+01
  -4.9623337e-02
  -5.9335970e-02
   2.2183654e+01
   2.1377124e+01
   9.9513309e-03
  -5.0077964e-03
   4.1209448e+00
   4.4140845e+00
  -1.4736457e-01
  -1.4694862e-01
   8.8626968e+00
   1.0170583e+01
  -1.9635373e-01
  -1.4050716e-01
  -4.1089855e-02
   1.2506789e-02
   6.9847245e-02
   1.4281776e-02
   3.7816062e-03
   5.5496463e-03
  -9.8435553e-02
  -1.1638355e-01
   1.7519438e+01
   1.8810862e+01
   1.9447323e-01
   2.8739967e-01
   5.6516784e-02
   8.1646860e-02
   1.6476850e-03
   9.3323487e-02
  -4.5789739e-01
  -2.2024582e-01
   7.3632731e+00
   8.7362354e+00
   9.1526305e+00
   1.1778246e+01
   2.2045388e+00
   2.9632870e+00
   4.7116517e-01
   4.1758698e-01
  -2.4262376e-03
  -6.1232033e-03
  -1.4094103e-01
  -1.4980180e-01
   6.1563681e+00
   6.0322952e+00
   5.3708896e+00
   6.1930764e+00
   2.4137772e-01
   1.5598680e-01
  -2.7797931e-01
  -1.9786807e-01
   3.8843094e+01
   3.7530279e+01
  -8.8841549e-02
  -2.4093361e-01
   3.8949943e-01
   4.4237092e-01
  -2.0271833e-01
  -3.3460719e-01
   2.6821040e+00
   2.1741269e+00
  -4.1374848e-03
   8.5329146e-04
  -7.4447028e-02
  -6.5120832e-02
  -1.7401532e-01
  -8.8899923e-02
   2.1424793e-01
   1.1196936e-01
   3.7792931e+01
   3.8248673e+01
   4.8931360e-01
   6.9199136e-01
   2.7395346e+01
   2.6556350e+01
   3.3617365e-01
   3.2435476e-01
   3.9134273e-01
   4.9019501e-01
   6.5994403e+00
   7.9707369e+00
   2.5542940e+00
   2.6698922e+00
  -2.5376272e-02
  -2.2754549e-02
  -2.0282508e-01
  -1.7112545e-01
   1.0398253e+00
   1.0724889e+00
   2.4175695e-02
   2.0727724e-02
  -7.8046255e-02
  -8.9125461e-02
   4.0911707e+00
   3.4178848e+00
   2.7576575e+01
   2.9549976e+01
   7.4405564e-02
  -2.0835544e-02
   1.4707592e-01
   1.6126387e-01
   3.7036052e+01
   3.6395609e+01
   7.7139325e+00
   5.9522852e+00
   4.2396376e-02
   5.9567293e-02
   7.4098558e-01
   8.9181667e-01
   1.5758710e+00
   1.9651352e+00
   7.8084108e-01
   1.0312081e+00
   8.3493451e-01
   5.1581974e-01
   3.4425669e+01
   3.3434736e+01
