   5.9124240e+05   3.8731150e+06   0.0000000e+00
   8.4210140e+05   4.5266240e+06   0.0000000e+00
   5.8960620e+05   4.6235480e+06  -7.2469330e+04
   3.3875090e+05   3.9700420e+06  -7.2469330e+04
   6.2707940e+05   3.9664734e+06   0.0000000e+00
   6.6291640e+05   4.0598319e+06   0.0000000e+00
   6.9875340e+05   4.1531903e+06   0.0000000e+00
   7.3459040e+05   4.2465487e+06   0.0000000e+00
   7.7042740e+05   4.3399071e+06   0.0000000e+00
   8.0626440e+05   4.4332656e+06   0.0000000e+00
   7.1585380e+05   4.5750860e+06  -3.6234665e+04
   5.4779698e+05   4.5146303e+06  -7.2469330e+04
   5.0598777e+05   4.4057127e+06  -7.2469330e+04
   4.6417855e+05   4.2967950e+06  -7.2469330e+04
   4.2236933e+05   4.1878773e+06  -7.2469330e+04
   3.8056012e+05   4.0789597e+06  -7.2469330e+04
   4.6499665e+05   3.9215785e+06  -3.6234665e+04
   6.2299765e+05   4.2095009e+06  -2.4357791e+04
   6.3041950e+05   4.4238771e+06  -4.3086568e+04
   5.3343892e+05   4.1427661e+06  -4.0353049e+04
   5.6028650e+05   4.0448756e+06  -2.4237104e+04
   6.2322072e+05   4.1209209e+06  -1.5796109e+04
   6.7299671e+05   4.5114648e+06  -4.0846301e+04
   7.3597881e+05   4.4284067e+06  -1.7115559e+04
   5.3108264e+05   4.2628827e+06  -5.2476621e+04
   4.5006706e+05   4.0576832e+06  -5.3038801e+04
   6.1979028e+05   4.3139707e+06  -3.5191799e+04
   6.9824129e+05   4.3505421e+06  -1.9078785e+04
