   2.3035251e+01
   1.8025947e+01
   1.9960032e+01
   1.3590992e+01
   1.0470743e+01
   1.3748620e+01
   1.0800505e+01
   4.3570503e-01
  -1.3016073e+00
  -7.9357052e-01
  -2.5931156e-01
   4.6069867e+00
   7.0816130e+00
   5.8468112e-01
   2.7878525e-01
   1.3760647e+01
   1.1183443e+01
  -1.6805782e-01
   4.1088035e-01
  -2.3844219e-01
   1.7197544e+00
   9.9442399e-01
   2.3407289e-02
   2.3401944e+00
   3.4531768e-01
   2.3838946e+00
   7.6647230e+00
   4.6665864e+00
   1.3095427e+01
   1.0696901e+01
   9.6364864e+00
   1.7361074e+01
   2.2391238e+01
   1.9331802e+01
   3.7385483e+00
   3.9412125e+00
   1.0096011e+00
