  -4.1123323e+05   3.2453016e+06  -1.0000000e+03
  -4.1123323e+05   3.4675239e+06  -1.0000000e+03
  -4.1123323e+05   3.6897461e+06  -1.0000000e+03
  -4.1123323e+05   3.9119683e+06  -1.0000000e+03
  -4.1123323e+05   4.1341905e+06  -1.0000000e+03
  -4.1123323e+05   4.3564128e+06  -1.0000000e+03
  -4.1123323e+05   4.5786350e+06  -1.0000000e+03
  -4.1123323e+05   4.8008572e+06  -1.0000000e+03
  -4.1123323e+05   5.0230794e+06  -1.0000000e+03
  -4.1123323e+05   5.2453016e+06  -1.0000000e+03
  -1.8901101e+05   3.2453016e+06  -1.0000000e+03
  -1.8901101e+05   3.4675239e+06  -1.0000000e+03
  -1.8901101e+05   3.6897461e+06  -1.0000000e+03
  -1.8901101e+05   3.9119683e+06  -1.0000000e+03
  -1.8901101e+05   4.1341905e+06  -1.0000000e+03
  -1.8901101e+05   4.3564128e+06  -1.0000000e+03
  -1.8901101e+05   4.5786350e+06  -1.0000000e+03
  -1.8901101e+05   4.8008572e+06  -1.0000000e+03
  -1.8901101e+05   5.0230794e+06  -1.0000000e+03
  -1.8901101e+05   5.2453016e+06  -1.0000000e+03
   3.3211217e+04   3.2453016e+06  -1.0000000e+03
   3.3211217e+04   3.4675239e+06  -1.0000000e+03
   3.3211217e+04   3.6897461e+06  -1.0000000e+03
   3.3211217e+04   3.9119683e+06  -1.0000000e+03
   3.3211217e+04   4.1341905e+06  -1.0000000e+03
   3.3211217e+04   4.3564128e+06  -1.0000000e+03
   3.3211217e+04   4.5786350e+06  -1.0000000e+03
   3.3211217e+04   4.8008572e+06  -1.0000000e+03
   3.3211217e+04   5.0230794e+06  -1.0000000e+03
   3.3211217e+04   5.2453016e+06  -1.0000000e+03
   2.5543344e+05   3.2453016e+06  -1.0000000e+03
   2.5543344e+05   3.4675239e+06  -1.0000000e+03
   2.5543344e+05   3.6897461e+06  -1.0000000e+03
   2.5543344e+05   3.9119683e+06  -1.0000000e+03
   2.5543344e+05   4.1341905e+06  -1.0000000e+03
   2.5543344e+05   4.3564128e+06  -1.0000000e+03
   2.5543344e+05   4.5786350e+06  -1.0000000e+03
   2.5543344e+05   4.8008572e+06  -1.0000000e+03
   2.5543344e+05   5.0230794e+06  -1.0000000e+03
   2.5543344e+05   5.2453016e+06  -1.0000000e+03
   4.7765566e+05   3.2453016e+06  -1.0000000e+03
   4.7765566e+05   3.4675239e+06  -1.0000000e+03
   4.7765566e+05   3.6897461e+06  -1.0000000e+03
   4.7765566e+05   3.9119683e+06  -1.0000000e+03
   4.7765566e+05   4.1341905e+06  -1.0000000e+03
   4.7765566e+05   4.3564128e+06  -1.0000000e+03
   4.7765566e+05   4.5786350e+06  -1.0000000e+03
   4.7765566e+05   4.8008572e+06  -1.0000000e+03
   4.7765566e+05   5.0230794e+06  -1.0000000e+03
   4.7765566e+05   5.2453016e+06  -1.0000000e+03
   6.9987788e+05   3.2453016e+06  -1.0000000e+03
   6.9987788e+05   3.4675239e+06  -1.0000000e+03
   6.9987788e+05   3.6897461e+06  -1.0000000e+03
   6.9987788e+05   3.9119683e+06  -1.0000000e+03
   6.9987788e+05   4.1341905e+06  -1.0000000e+03
   6.9987788e+05   4.3564128e+06  -1.0000000e+03
   6.9987788e+05   4.5786350e+06  -1.0000000e+03
   6.9987788e+05   4.8008572e+06  -1.0000000e+03
   6.9987788e+05   5.0230794e+06  -1.0000000e+03
   6.9987788e+05   5.2453016e+06  -1.0000000e+03
   9.2210011e+05   3.2453016e+06  -1.0000000e+03
   9.2210011e+05   3.4675239e+06  -1.0000000e+03
   9.2210011e+05   3.6897461e+06  -1.0000000e+03
   9.2210011e+05   3.9119683e+06  -1.0000000e+03
   9.2210011e+05   4.1341905e+06  -1.0000000e+03
   9.2210011e+05   4.3564128e+06  -1.0000000e+03
   9.2210011e+05   4.5786350e+06  -1.0000000e+03
   9.2210011e+05   4.8008572e+06  -1.0000000e+03
   9.2210011e+05   5.0230794e+06  -1.0000000e+03
   9.2210011e+05   5.2453016e+06  -1.0000000e+03
   1.1443223e+06   3.2453016e+06  -1.0000000e+03
   1.1443223e+06   3.4675239e+06  -1.0000000e+03
   1.1443223e+06   3.6897461e+06  -1.0000000e+03
   1.1443223e+06   3.9119683e+06  -1.0000000e+03
   1.1443223e+06   4.1341905e+06  -1.0000000e+03
   1.1443223e+06   4.3564128e+06  -1.0000000e+03
   1.1443223e+06   4.5786350e+06  -1.0000000e+03
   1.1443223e+06   4.8008572e+06  -1.0000000e+03
   1.1443223e+06   5.0230794e+06  -1.0000000e+03
   1.1443223e+06   5.2453016e+06  -1.0000000e+03
   1.3665445e+06   3.2453016e+06  -1.0000000e+03
   1.3665445e+06   3.4675239e+06  -1.0000000e+03
   1.3665445e+06   3.6897461e+06  -1.0000000e+03
   1.3665445e+06   3.9119683e+06  -1.0000000e+03
   1.3665445e+06   4.1341905e+06  -1.0000000e+03
   1.3665445e+06   4.3564128e+06  -1.0000000e+03
   1.3665445e+06   4.5786350e+06  -1.0000000e+03
   1.3665445e+06   4.8008572e+06  -1.0000000e+03
   1.3665445e+06   5.0230794e+06  -1.0000000e+03
   1.3665445e+06   5.2453016e+06  -1.0000000e+03
   1.5887668e+06   3.2453016e+06  -1.0000000e+03
   1.5887668e+06   3.4675239e+06  -1.0000000e+03
   1.5887668e+06   3.6897461e+06  -1.0000000e+03
   1.5887668e+06   3.9119683e+06  -1.0000000e+03
   1.5887668e+06   4.1341905e+06  -1.0000000e+03
   1.5887668e+06   4.3564128e+06  -1.0000000e+03
   1.5887668e+06   4.5786350e+06  -1.0000000e+03
   1.5887668e+06   4.8008572e+06  -1.0000000e+03
   1.5887668e+06   5.0230794e+06  -1.0000000e+03
   1.5887668e+06   5.2453016e+06  -1.0000000e+03
  -4.1123323e+05   3.2453016e+06  -2.5750000e+04
  -4.1123323e+05   3.4675239e+06  -2.5750000e+04
  -4.1123323e+05   3.6897461e+06  -2.5750000e+04
  -4.1123323e+05   3.9119683e+06  -2.5750000e+04
  -4.1123323e+05   4.1341905e+06  -2.5750000e+04
  -4.1123323e+05   4.3564128e+06  -2.5750000e+04
  -4.1123323e+05   4.5786350e+06  -2.5750000e+04
  -4.1123323e+05   4.8008572e+06  -2.5750000e+04
  -4.1123323e+05   5.0230794e+06  -2.5750000e+04
  -4.1123323e+05   5.2453016e+06  -2.5750000e+04
  -1.8901101e+05   3.2453016e+06  -2.5750000e+04
  -1.8901101e+05   3.4675239e+06  -2.5750000e+04
  -1.8901101e+05   3.6897461e+06  -2.5750000e+04
  -1.8901101e+05   3.9119683e+06  -2.5750000e+04
  -1.8901101e+05   4.1341905e+06  -2.5750000e+04
  -1.8901101e+05   4.3564128e+06  -2.5750000e+04
  -1.8901101e+05   4.5786350e+06  -2.5750000e+04
  -1.8901101e+05   4.8008572e+06  -2.5750000e+04
  -1.8901101e+05   5.0230794e+06  -2.5750000e+04
  -1.8901101e+05   5.2453016e+06  -2.5750000e+04
   3.3211217e+04   3.2453016e+06  -2.5750000e+04
   3.3211217e+04   3.4675239e+06  -2.5750000e+04
   3.3211217e+04   3.6897461e+06  -2.5750000e+04
   3.3211217e+04   3.9119683e+06  -2.5750000e+04
   3.3211217e+04   4.1341905e+06  -2.5750000e+04
   3.3211217e+04   4.3564128e+06  -2.5750000e+04
   3.3211217e+04   4.5786350e+06  -2.5750000e+04
   3.3211217e+04   4.8008572e+06  -2.5750000e+04
   3.3211217e+04   5.0230794e+06  -2.5750000e+04
   3.3211217e+04   5.2453016e+06  -2.5750000e+04
   2.5543344e+05   3.2453016e+06  -2.5750000e+04
   2.5543344e+05   3.4675239e+06  -2.5750000e+04
   2.5543344e+05   3.6897461e+06  -2.5750000e+04
   2.5543344e+05   3.9119683e+06  -2.5750000e+04
   2.5543344e+05   4.1341905e+06  -2.5750000e+04
   2.5543344e+05   4.3564128e+06  -2.5750000e+04
   2.5543344e+05   4.5786350e+06  -2.5750000e+04
   2.5543344e+05   4.8008572e+06  -2.5750000e+04
   2.5543344e+05   5.0230794e+06  -2.5750000e+04
   2.5543344e+05   5.2453016e+06  -2.5750000e+04
   4.7765566e+05   3.2453016e+06  -2.5750000e+04
   4.7765566e+05   3.4675239e+06  -2.5750000e+04
   4.7765566e+05   3.6897461e+06  -2.5750000e+04
   4.7765566e+05   3.9119683e+06  -2.5750000e+04
   4.7765566e+05   4.1341905e+06  -2.5750000e+04
   4.7765566e+05   4.3564128e+06  -2.5750000e+04
   4.7765566e+05   4.5786350e+06  -2.5750000e+04
   4.7765566e+05   4.8008572e+06  -2.5750000e+04
   4.7765566e+05   5.0230794e+06  -2.5750000e+04
   4.7765566e+05   5.2453016e+06  -2.5750000e+04
   6.9987788e+05   3.2453016e+06  -2.5750000e+04
   6.9987788e+05   3.4675239e+06  -2.5750000e+04
   6.9987788e+05   3.6897461e+06  -2.5750000e+04
   6.9987788e+05   3.9119683e+06  -2.5750000e+04
   6.9987788e+05   4.1341905e+06  -2.5750000e+04
   6.9987788e+05   4.3564128e+06  -2.5750000e+04
   6.9987788e+05   4.5786350e+06  -2.5750000e+04
   6.9987788e+05   4.8008572e+06  -2.5750000e+04
   6.9987788e+05   5.0230794e+06  -2.5750000e+04
   6.9987788e+05   5.2453016e+06  -2.5750000e+04
   9.2210011e+05   3.2453016e+06  -2.5750000e+04
   9.2210011e+05   3.4675239e+06  -2.5750000e+04
   9.2210011e+05   3.6897461e+06  -2.5750000e+04
   9.2210011e+05   3.9119683e+06  -2.5750000e+04
   9.2210011e+05   4.1341905e+06  -2.5750000e+04
   9.2210011e+05   4.3564128e+06  -2.5750000e+04
   9.2210011e+05   4.5786350e+06  -2.5750000e+04
   9.2210011e+05   4.8008572e+06  -2.5750000e+04
   9.2210011e+05   5.0230794e+06  -2.5750000e+04
   9.2210011e+05   5.2453016e+06  -2.5750000e+04
   1.1443223e+06   3.2453016e+06  -2.5750000e+04
   1.1443223e+06   3.4675239e+06  -2.5750000e+04
   1.1443223e+06   3.6897461e+06  -2.5750000e+04
   1.1443223e+06   3.9119683e+06  -2.5750000e+04
   1.1443223e+06   4.1341905e+06  -2.5750000e+04
   1.1443223e+06   4.3564128e+06  -2.5750000e+04
   1.1443223e+06   4.5786350e+06  -2.5750000e+04
   1.1443223e+06   4.8008572e+06  -2.5750000e+04
   1.1443223e+06   5.0230794e+06  -2.5750000e+04
   1.1443223e+06   5.2453016e+06  -2.5750000e+04
   1.3665445e+06   3.2453016e+06  -2.5750000e+04
   1.3665445e+06   3.4675239e+06  -2.5750000e+04
   1.3665445e+06   3.6897461e+06  -2.5750000e+04
   1.3665445e+06   3.9119683e+06  -2.5750000e+04
   1.3665445e+06   4.1341905e+06  -2.5750000e+04
   1.3665445e+06   4.3564128e+06  -2.5750000e+04
   1.3665445e+06   4.5786350e+06  -2.5750000e+04
   1.3665445e+06   4.8008572e+06  -2.5750000e+04
   1.3665445e+06   5.0230794e+06  -2.5750000e+04
   1.3665445e+06   5.2453016e+06  -2.5750000e+04
   1.5887668e+06   3.2453016e+06  -2.5750000e+04
   1.5887668e+06   3.4675239e+06  -2.5750000e+04
   1.5887668e+06   3.6897461e+06  -2.5750000e+04
   1.5887668e+06   3.9119683e+06  -2.5750000e+04
   1.5887668e+06   4.1341905e+06  -2.5750000e+04
   1.5887668e+06   4.3564128e+06  -2.5750000e+04
   1.5887668e+06   4.5786350e+06  -2.5750000e+04
   1.5887668e+06   4.8008572e+06  -2.5750000e+04
   1.5887668e+06   5.0230794e+06  -2.5750000e+04
   1.5887668e+06   5.2453016e+06  -2.5750000e+04
  -4.1123323e+05   3.2453016e+06  -5.0500000e+04
  -4.1123323e+05   3.4675239e+06  -5.0500000e+04
  -4.1123323e+05   3.6897461e+06  -5.0500000e+04
  -4.1123323e+05   3.9119683e+06  -5.0500000e+04
  -4.1123323e+05   4.1341905e+06  -5.0500000e+04
  -4.1123323e+05   4.3564128e+06  -5.0500000e+04
  -4.1123323e+05   4.5786350e+06  -5.0500000e+04
  -4.1123323e+05   4.8008572e+06  -5.0500000e+04
  -4.1123323e+05   5.0230794e+06  -5.0500000e+04
  -4.1123323e+05   5.2453016e+06  -5.0500000e+04
  -1.8901101e+05   3.2453016e+06  -5.0500000e+04
  -1.8901101e+05   3.4675239e+06  -5.0500000e+04
  -1.8901101e+05   3.6897461e+06  -5.0500000e+04
  -1.8901101e+05   3.9119683e+06  -5.0500000e+04
  -1.8901101e+05   4.1341905e+06  -5.0500000e+04
  -1.8901101e+05   4.3564128e+06  -5.0500000e+04
  -1.8901101e+05   4.5786350e+06  -5.0500000e+04
  -1.8901101e+05   4.8008572e+06  -5.0500000e+04
  -1.8901101e+05   5.0230794e+06  -5.0500000e+04
  -1.8901101e+05   5.2453016e+06  -5.0500000e+04
   3.3211217e+04   3.2453016e+06  -5.0500000e+04
   3.3211217e+04   3.4675239e+06  -5.0500000e+04
   3.3211217e+04   3.6897461e+06  -5.0500000e+04
   3.3211217e+04   3.9119683e+06  -5.0500000e+04
   3.3211217e+04   4.1341905e+06  -5.0500000e+04
   3.3211217e+04   4.3564128e+06  -5.0500000e+04
   3.3211217e+04   4.5786350e+06  -5.0500000e+04
   3.3211217e+04   4.8008572e+06  -5.0500000e+04
   3.3211217e+04   5.0230794e+06  -5.0500000e+04
   3.3211217e+04   5.2453016e+06  -5.0500000e+04
   2.5543344e+05   3.2453016e+06  -5.0500000e+04
   2.5543344e+05   3.4675239e+06  -5.0500000e+04
   2.5543344e+05   3.6897461e+06  -5.0500000e+04
   2.5543344e+05   3.9119683e+06  -5.0500000e+04
   2.5543344e+05   4.1341905e+06  -5.0500000e+04
   2.5543344e+05   4.3564128e+06  -5.0500000e+04
   2.5543344e+05   4.5786350e+06  -5.0500000e+04
   2.5543344e+05   4.8008572e+06  -5.0500000e+04
   2.5543344e+05   5.0230794e+06  -5.0500000e+04
   2.5543344e+05   5.2453016e+06  -5.0500000e+04
   4.7765566e+05   3.2453016e+06  -5.0500000e+04
   4.7765566e+05   3.4675239e+06  -5.0500000e+04
   4.7765566e+05   3.6897461e+06  -5.0500000e+04
   4.7765566e+05   3.9119683e+06  -5.0500000e+04
   4.7765566e+05   4.1341905e+06  -5.0500000e+04
   4.7765566e+05   4.3564128e+06  -5.0500000e+04
   4.7765566e+05   4.5786350e+06  -5.0500000e+04
   4.7765566e+05   4.8008572e+06  -5.0500000e+04
   4.7765566e+05   5.0230794e+06  -5.0500000e+04
   4.7765566e+05   5.2453016e+06  -5.0500000e+04
   6.9987788e+05   3.2453016e+06  -5.0500000e+04
   6.9987788e+05   3.4675239e+06  -5.0500000e+04
   6.9987788e+05   3.6897461e+06  -5.0500000e+04
   6.9987788e+05   3.9119683e+06  -5.0500000e+04
   6.9987788e+05   4.1341905e+06  -5.0500000e+04
   6.9987788e+05   4.3564128e+06  -5.0500000e+04
   6.9987788e+05   4.5786350e+06  -5.0500000e+04
   6.9987788e+05   4.8008572e+06  -5.0500000e+04
   6.9987788e+05   5.0230794e+06  -5.0500000e+04
   6.9987788e+05   5.2453016e+06  -5.0500000e+04
   9.2210011e+05   3.2453016e+06  -5.0500000e+04
   9.2210011e+05   3.4675239e+06  -5.0500000e+04
   9.2210011e+05   3.6897461e+06  -5.0500000e+04
   9.2210011e+05   3.9119683e+06  -5.0500000e+04
   9.2210011e+05   4.1341905e+06  -5.0500000e+04
   9.2210011e+05   4.3564128e+06  -5.0500000e+04
   9.2210011e+05   4.5786350e+06  -5.0500000e+04
   9.2210011e+05   4.8008572e+06  -5.0500000e+04
   9.2210011e+05   5.0230794e+06  -5.0500000e+04
   9.2210011e+05   5.2453016e+06  -5.0500000e+04
   1.1443223e+06   3.2453016e+06  -5.0500000e+04
   1.1443223e+06   3.4675239e+06  -5.0500000e+04
   1.1443223e+06   3.6897461e+06  -5.0500000e+04
   1.1443223e+06   3.9119683e+06  -5.0500000e+04
   1.1443223e+06   4.1341905e+06  -5.0500000e+04
   1.1443223e+06   4.3564128e+06  -5.0500000e+04
   1.1443223e+06   4.5786350e+06  -5.0500000e+04
   1.1443223e+06   4.8008572e+06  -5.0500000e+04
   1.1443223e+06   5.0230794e+06  -5.0500000e+04
   1.1443223e+06   5.2453016e+06  -5.0500000e+04
   1.3665445e+06   3.2453016e+06  -5.0500000e+04
   1.3665445e+06   3.4675239e+06  -5.0500000e+04
   1.3665445e+06   3.6897461e+06  -5.0500000e+04
   1.3665445e+06   3.9119683e+06  -5.0500000e+04
   1.3665445e+06   4.1341905e+06  -5.0500000e+04
   1.3665445e+06   4.3564128e+06  -5.0500000e+04
   1.3665445e+06   4.5786350e+06  -5.0500000e+04
   1.3665445e+06   4.8008572e+06  -5.0500000e+04
   1.3665445e+06   5.0230794e+06  -5.0500000e+04
   1.3665445e+06   5.2453016e+06  -5.0500000e+04
   1.5887668e+06   3.2453016e+06  -5.0500000e+04
   1.5887668e+06   3.4675239e+06  -5.0500000e+04
   1.5887668e+06   3.6897461e+06  -5.0500000e+04
   1.5887668e+06   3.9119683e+06  -5.0500000e+04
   1.5887668e+06   4.1341905e+06  -5.0500000e+04
   1.5887668e+06   4.3564128e+06  -5.0500000e+04
   1.5887668e+06   4.5786350e+06  -5.0500000e+04
   1.5887668e+06   4.8008572e+06  -5.0500000e+04
   1.5887668e+06   5.0230794e+06  -5.0500000e+04
   1.5887668e+06   5.2453016e+06  -5.0500000e+04
  -4.1123323e+05   3.2453016e+06  -7.5250000e+04
  -4.1123323e+05   3.4675239e+06  -7.5250000e+04
  -4.1123323e+05   3.6897461e+06  -7.5250000e+04
  -4.1123323e+05   3.9119683e+06  -7.5250000e+04
  -4.1123323e+05   4.1341905e+06  -7.5250000e+04
  -4.1123323e+05   4.3564128e+06  -7.5250000e+04
  -4.1123323e+05   4.5786350e+06  -7.5250000e+04
  -4.1123323e+05   4.8008572e+06  -7.5250000e+04
  -4.1123323e+05   5.0230794e+06  -7.5250000e+04
  -4.1123323e+05   5.2453016e+06  -7.5250000e+04
  -1.8901101e+05   3.2453016e+06  -7.5250000e+04
  -1.8901101e+05   3.4675239e+06  -7.5250000e+04
  -1.8901101e+05   3.6897461e+06  -7.5250000e+04
  -1.8901101e+05   3.9119683e+06  -7.5250000e+04
  -1.8901101e+05   4.1341905e+06  -7.5250000e+04
  -1.8901101e+05   4.3564128e+06  -7.5250000e+04
  -1.8901101e+05   4.5786350e+06  -7.5250000e+04
  -1.8901101e+05   4.8008572e+06  -7.5250000e+04
  -1.8901101e+05   5.0230794e+06  -7.5250000e+04
  -1.8901101e+05   5.2453016e+06  -7.5250000e+04
   3.3211217e+04   3.2453016e+06  -7.5250000e+04
   3.3211217e+04   3.4675239e+06  -7.5250000e+04
   3.3211217e+04   3.6897461e+06  -7.5250000e+04
   3.3211217e+04   3.9119683e+06  -7.5250000e+04
   3.3211217e+04   4.1341905e+06  -7.5250000e+04
   3.3211217e+04   4.3564128e+06  -7.5250000e+04
   3.3211217e+04   4.5786350e+06  -7.5250000e+04
   3.3211217e+04   4.8008572e+06  -7.5250000e+04
   3.3211217e+04   5.0230794e+06  -7.5250000e+04
   3.3211217e+04   5.2453016e+06  -7.5250000e+04
   2.5543344e+05   3.2453016e+06  -7.5250000e+04
   2.5543344e+05   3.4675239e+06  -7.5250000e+04
   2.5543344e+05   3.6897461e+06  -7.5250000e+04
   2.5543344e+05   3.9119683e+06  -7.5250000e+04
   2.5543344e+05   4.1341905e+06  -7.5250000e+04
   2.5543344e+05   4.3564128e+06  -7.5250000e+04
   2.5543344e+05   4.5786350e+06  -7.5250000e+04
   2.5543344e+05   4.8008572e+06  -7.5250000e+04
   2.5543344e+05   5.0230794e+06  -7.5250000e+04
   2.5543344e+05   5.2453016e+06  -7.5250000e+04
   4.7765566e+05   3.2453016e+06  -7.5250000e+04
   4.7765566e+05   3.4675239e+06  -7.5250000e+04
   4.7765566e+05   3.6897461e+06  -7.5250000e+04
   4.7765566e+05   3.9119683e+06  -7.5250000e+04
   4.7765566e+05   4.1341905e+06  -7.5250000e+04
   4.7765566e+05   4.3564128e+06  -7.5250000e+04
   4.7765566e+05   4.5786350e+06  -7.5250000e+04
   4.7765566e+05   4.8008572e+06  -7.5250000e+04
   4.7765566e+05   5.0230794e+06  -7.5250000e+04
   4.7765566e+05   5.2453016e+06  -7.5250000e+04
   6.9987788e+05   3.2453016e+06  -7.5250000e+04
   6.9987788e+05   3.4675239e+06  -7.5250000e+04
   6.9987788e+05   3.6897461e+06  -7.5250000e+04
   6.9987788e+05   3.9119683e+06  -7.5250000e+04
   6.9987788e+05   4.1341905e+06  -7.5250000e+04
   6.9987788e+05   4.3564128e+06  -7.5250000e+04
   6.9987788e+05   4.5786350e+06  -7.5250000e+04
   6.9987788e+05   4.8008572e+06  -7.5250000e+04
   6.9987788e+05   5.0230794e+06  -7.5250000e+04
   6.9987788e+05   5.2453016e+06  -7.5250000e+04
   9.2210011e+05   3.2453016e+06  -7.5250000e+04
   9.2210011e+05   3.4675239e+06  -7.5250000e+04
   9.2210011e+05   3.6897461e+06  -7.5250000e+04
   9.2210011e+05   3.9119683e+06  -7.5250000e+04
   9.2210011e+05   4.1341905e+06  -7.5250000e+04
   9.2210011e+05   4.3564128e+06  -7.5250000e+04
   9.2210011e+05   4.5786350e+06  -7.5250000e+04
   9.2210011e+05   4.8008572e+06  -7.5250000e+04
   9.2210011e+05   5.0230794e+06  -7.5250000e+04
   9.2210011e+05   5.2453016e+06  -7.5250000e+04
   1.1443223e+06   3.2453016e+06  -7.5250000e+04
   1.1443223e+06   3.4675239e+06  -7.5250000e+04
   1.1443223e+06   3.6897461e+06  -7.5250000e+04
   1.1443223e+06   3.9119683e+06  -7.5250000e+04
   1.1443223e+06   4.1341905e+06  -7.5250000e+04
   1.1443223e+06   4.3564128e+06  -7.5250000e+04
   1.1443223e+06   4.5786350e+06  -7.5250000e+04
   1.1443223e+06   4.8008572e+06  -7.5250000e+04
   1.1443223e+06   5.0230794e+06  -7.5250000e+04
   1.1443223e+06   5.2453016e+06  -7.5250000e+04
   1.3665445e+06   3.2453016e+06  -7.5250000e+04
   1.3665445e+06   3.4675239e+06  -7.5250000e+04
   1.3665445e+06   3.6897461e+06  -7.5250000e+04
   1.3665445e+06   3.9119683e+06  -7.5250000e+04
   1.3665445e+06   4.1341905e+06  -7.5250000e+04
   1.3665445e+06   4.3564128e+06  -7.5250000e+04
   1.3665445e+06   4.5786350e+06  -7.5250000e+04
   1.3665445e+06   4.8008572e+06  -7.5250000e+04
   1.3665445e+06   5.0230794e+06  -7.5250000e+04
   1.3665445e+06   5.2453016e+06  -7.5250000e+04
   1.5887668e+06   3.2453016e+06  -7.5250000e+04
   1.5887668e+06   3.4675239e+06  -7.5250000e+04
   1.5887668e+06   3.6897461e+06  -7.5250000e+04
   1.5887668e+06   3.9119683e+06  -7.5250000e+04
   1.5887668e+06   4.1341905e+06  -7.5250000e+04
   1.5887668e+06   4.3564128e+06  -7.5250000e+04
   1.5887668e+06   4.5786350e+06  -7.5250000e+04
   1.5887668e+06   4.8008572e+06  -7.5250000e+04
   1.5887668e+06   5.0230794e+06  -7.5250000e+04
   1.5887668e+06   5.2453016e+06  -7.5250000e+04
  -4.1123323e+05   3.2453016e+06  -1.0000000e+05
  -4.1123323e+05   3.4675239e+06  -1.0000000e+05
  -4.1123323e+05   3.6897461e+06  -1.0000000e+05
  -4.1123323e+05   3.9119683e+06  -1.0000000e+05
  -4.1123323e+05   4.1341905e+06  -1.0000000e+05
  -4.1123323e+05   4.3564128e+06  -1.0000000e+05
  -4.1123323e+05   4.5786350e+06  -1.0000000e+05
  -4.1123323e+05   4.8008572e+06  -1.0000000e+05
  -4.1123323e+05   5.0230794e+06  -1.0000000e+05
  -4.1123323e+05   5.2453016e+06  -1.0000000e+05
  -1.8901101e+05   3.2453016e+06  -1.0000000e+05
  -1.8901101e+05   3.4675239e+06  -1.0000000e+05
  -1.8901101e+05   3.6897461e+06  -1.0000000e+05
  -1.8901101e+05   3.9119683e+06  -1.0000000e+05
  -1.8901101e+05   4.1341905e+06  -1.0000000e+05
  -1.8901101e+05   4.3564128e+06  -1.0000000e+05
  -1.8901101e+05   4.5786350e+06  -1.0000000e+05
  -1.8901101e+05   4.8008572e+06  -1.0000000e+05
  -1.8901101e+05   5.0230794e+06  -1.0000000e+05
  -1.8901101e+05   5.2453016e+06  -1.0000000e+05
   3.3211217e+04   3.2453016e+06  -1.0000000e+05
   3.3211217e+04   3.4675239e+06  -1.0000000e+05
   3.3211217e+04   3.6897461e+06  -1.0000000e+05
   3.3211217e+04   3.9119683e+06  -1.0000000e+05
   3.3211217e+04   4.1341905e+06  -1.0000000e+05
   3.3211217e+04   4.3564128e+06  -1.0000000e+05
   3.3211217e+04   4.5786350e+06  -1.0000000e+05
   3.3211217e+04   4.8008572e+06  -1.0000000e+05
   3.3211217e+04   5.0230794e+06  -1.0000000e+05
   3.3211217e+04   5.2453016e+06  -1.0000000e+05
   2.5543344e+05   3.2453016e+06  -1.0000000e+05
   2.5543344e+05   3.4675239e+06  -1.0000000e+05
   2.5543344e+05   3.6897461e+06  -1.0000000e+05
   2.5543344e+05   3.9119683e+06  -1.0000000e+05
   2.5543344e+05   4.1341905e+06  -1.0000000e+05
   2.5543344e+05   4.3564128e+06  -1.0000000e+05
   2.5543344e+05   4.5786350e+06  -1.0000000e+05
   2.5543344e+05   4.8008572e+06  -1.0000000e+05
   2.5543344e+05   5.0230794e+06  -1.0000000e+05
   2.5543344e+05   5.2453016e+06  -1.0000000e+05
   4.7765566e+05   3.2453016e+06  -1.0000000e+05
   4.7765566e+05   3.4675239e+06  -1.0000000e+05
   4.7765566e+05   3.6897461e+06  -1.0000000e+05
   4.7765566e+05   3.9119683e+06  -1.0000000e+05
   4.7765566e+05   4.1341905e+06  -1.0000000e+05
   4.7765566e+05   4.3564128e+06  -1.0000000e+05
   4.7765566e+05   4.5786350e+06  -1.0000000e+05
   4.7765566e+05   4.8008572e+06  -1.0000000e+05
   4.7765566e+05   5.0230794e+06  -1.0000000e+05
   4.7765566e+05   5.2453016e+06  -1.0000000e+05
   6.9987788e+05   3.2453016e+06  -1.0000000e+05
   6.9987788e+05   3.4675239e+06  -1.0000000e+05
   6.9987788e+05   3.6897461e+06  -1.0000000e+05
   6.9987788e+05   3.9119683e+06  -1.0000000e+05
   6.9987788e+05   4.1341905e+06  -1.0000000e+05
   6.9987788e+05   4.3564128e+06  -1.0000000e+05
   6.9987788e+05   4.5786350e+06  -1.0000000e+05
   6.9987788e+05   4.8008572e+06  -1.0000000e+05
   6.9987788e+05   5.0230794e+06  -1.0000000e+05
   6.9987788e+05   5.2453016e+06  -1.0000000e+05
   9.2210011e+05   3.2453016e+06  -1.0000000e+05
   9.2210011e+05   3.4675239e+06  -1.0000000e+05
   9.2210011e+05   3.6897461e+06  -1.0000000e+05
   9.2210011e+05   3.9119683e+06  -1.0000000e+05
   9.2210011e+05   4.1341905e+06  -1.0000000e+05
   9.2210011e+05   4.3564128e+06  -1.0000000e+05
   9.2210011e+05   4.5786350e+06  -1.0000000e+05
   9.2210011e+05   4.8008572e+06  -1.0000000e+05
   9.2210011e+05   5.0230794e+06  -1.0000000e+05
   9.2210011e+05   5.2453016e+06  -1.0000000e+05
   1.1443223e+06   3.2453016e+06  -1.0000000e+05
   1.1443223e+06   3.4675239e+06  -1.0000000e+05
   1.1443223e+06   3.6897461e+06  -1.0000000e+05
   1.1443223e+06   3.9119683e+06  -1.0000000e+05
   1.1443223e+06   4.1341905e+06  -1.0000000e+05
   1.1443223e+06   4.3564128e+06  -1.0000000e+05
   1.1443223e+06   4.5786350e+06  -1.0000000e+05
   1.1443223e+06   4.8008572e+06  -1.0000000e+05
   1.1443223e+06   5.0230794e+06  -1.0000000e+05
   1.1443223e+06   5.2453016e+06  -1.0000000e+05
   1.3665445e+06   3.2453016e+06  -1.0000000e+05
   1.3665445e+06   3.4675239e+06  -1.0000000e+05
   1.3665445e+06   3.6897461e+06  -1.0000000e+05
   1.3665445e+06   3.9119683e+06  -1.0000000e+05
   1.3665445e+06   4.1341905e+06  -1.0000000e+05
   1.3665445e+06   4.3564128e+06  -1.0000000e+05
   1.3665445e+06   4.5786350e+06  -1.0000000e+05
   1.3665445e+06   4.8008572e+06  -1.0000000e+05
   1.3665445e+06   5.0230794e+06  -1.0000000e+05
   1.3665445e+06   5.2453016e+06  -1.0000000e+05
   1.5887668e+06   3.2453016e+06  -1.0000000e+05
   1.5887668e+06   3.4675239e+06  -1.0000000e+05
   1.5887668e+06   3.6897461e+06  -1.0000000e+05
   1.5887668e+06   3.9119683e+06  -1.0000000e+05
   1.5887668e+06   4.1341905e+06  -1.0000000e+05
   1.5887668e+06   4.3564128e+06  -1.0000000e+05
   1.5887668e+06   4.5786350e+06  -1.0000000e+05
   1.5887668e+06   4.8008572e+06  -1.0000000e+05
   1.5887668e+06   5.0230794e+06  -1.0000000e+05
   1.5887668e+06   5.2453016e+06  -1.0000000e+05
