   5.9124240e+05   3.8731150e+06   0.0000000e+00
   8.4210140e+05   4.5266240e+06   0.0000000e+00
   5.8960620e+05   4.6235480e+06  -7.2469330e+04
   3.3875090e+05   3.9700420e+06  -7.2469330e+04
   6.1404776e+05   3.9325249e+06   0.0000000e+00
   6.3685313e+05   3.9919348e+06   0.0000000e+00
   6.5965849e+05   4.0513447e+06   0.0000000e+00
   6.8246385e+05   4.1107546e+06   0.0000000e+00
   7.0526922e+05   4.1701645e+06   0.0000000e+00
   7.2807458e+05   4.2295745e+06   0.0000000e+00
   7.5087995e+05   4.2889844e+06   0.0000000e+00
   7.7368531e+05   4.3483943e+06   0.0000000e+00
   7.9649067e+05   4.4078042e+06   0.0000000e+00
   8.1929604e+05   4.4672141e+06   0.0000000e+00
   7.7897760e+05   4.5508550e+06  -1.8117332e+04
   7.1585380e+05   4.5750860e+06  -3.6234665e+04
   6.5273000e+05   4.5993170e+06  -5.4351997e+04
   5.6680117e+05   4.5641384e+06  -7.2469330e+04
   5.4399615e+05   4.5047287e+06  -7.2469330e+04
   5.2119112e+05   4.4453191e+06  -7.2469330e+04
   4.9838609e+05   4.3859095e+06  -7.2469330e+04
   4.7558106e+05   4.3264998e+06  -7.2469330e+04
   4.5277604e+05   4.2670902e+06  -7.2469330e+04
   4.2997101e+05   4.2076805e+06  -7.2469330e+04
   4.0716598e+05   4.1482709e+06  -7.2469330e+04
   3.8436095e+05   4.0888613e+06  -7.2469330e+04
   3.6155593e+05   4.0294516e+06  -7.2469330e+04
   4.0187378e+05   3.9458102e+06  -5.4351997e+04
   4.6499665e+05   3.9215785e+06  -3.6234665e+04
   5.2811953e+05   3.8973467e+06  -1.8117332e+04
   6.5795939e+05   4.4554885e+06  -3.9232846e+04
   6.5156278e+05   4.3753009e+06  -3.3133015e+04
   5.9793983e+05   4.2684712e+06  -3.6288696e+04
   5.5741311e+05   4.1629892e+06  -3.6297731e+04
   6.7434460e+05   4.2662274e+06  -1.6960329e+04
   5.3730983e+05   4.3184929e+06  -5.6258810e+04
   7.0434790e+05   4.3314501e+06  -1.5717892e+04
   4.4370413e+05   4.0920131e+06  -5.7927034e+04
   5.5715458e+05   4.0743697e+06  -2.7852732e+04
   5.8260796e+05   4.4531864e+06  -5.7861170e+04
   7.2182293e+05   4.4098185e+06  -1.8871758e+04
   6.1138193e+05   4.1119258e+06  -1.7893868e+04
   5.3541568e+05   4.2549478e+06  -5.0630757e+04
   6.2038225e+05   4.1963534e+06  -2.3749560e+04
   4.2228457e+05   4.0233895e+06  -5.6695668e+04
   5.6875430e+05   3.9674662e+06  -1.4685602e+04
   7.6028615e+05   4.4754711e+06  -1.5554351e+04
   6.1601115e+05   4.5254326e+06  -5.6442643e+04
   6.9821781e+05   4.5194418e+06  -3.5303166e+04
   4.8912040e+05   3.9757433e+06  -3.5401179e+04
   4.9366190e+05   4.0442156e+06  -4.0840145e+04
   5.4481401e+05   4.0226919e+06  -2.5977415e+04
   5.9850449e+05   4.3457816e+06  -4.3571134e+04
   6.4533992e+05   4.3174462e+06  -2.9134213e+04
   5.6540944e+05   4.2188418e+06  -3.9660648e+04
   6.1071555e+05   4.4029120e+06  -4.6002410e+04
   5.5811918e+05   4.3919336e+06  -5.8105364e+04
   4.7786237e+05   4.1660088e+06  -5.6487616e+04
   5.1647767e+05   4.1089452e+06  -4.1348333e+04
   5.2222560e+05   4.2088522e+06  -4.9503997e+04
   7.0806111e+05   4.4641298e+06  -2.7529533e+04
   4.8737092e+05   4.2320322e+06  -6.0448870e+04
   6.7627829e+05   4.2028676e+06  -1.0392489e+04
   4.9769071e+05   4.2798126e+06  -6.2455419e+04
   5.9724169e+05   4.0370861e+06  -1.4244624e+04
   5.5962513e+05   4.1135623e+06  -3.0998180e+04
   6.5915511e+05   4.1584132e+06  -1.0407183e+04
   3.8111629e+05   3.9921733e+06  -6.3996581e+04
   8.0016530e+05   4.5050411e+06  -8.4179208e+03
   6.0628713e+05   4.5781090e+06  -6.3933325e+04
   5.7554100e+05   3.9176132e+06  -8.2007337e+03
