  -1.1467215e+00
   3.7088808e+00
   2.3335253e-01
   5.9893550e+00
  -6.9851885e-01
   9.9400518e+00
   3.6718859e+00
   2.2675502e+01
   1.4356814e+01
   9.9489334e+00
   2.0879878e-01
   3.7898013e+01
   2.9778417e+01
   1.4548711e+00
   3.1431547e+01
   1.9739716e+01
   2.8351552e+01
   2.5091547e-02
   9.0936208e-02
   5.2056794e+00
  -8.2206797e-01
   2.3375318e-01
   3.6549701e-01
   3.6709916e+00
   7.7175898e-01
   1.1572530e+00
   7.8159307e-01
   8.4439748e-01
   9.5695142e-01
   8.8488740e-01
   5.9368079e-01
   4.8274869e-01
   2.1216692e+00
   2.3016774e+01
   2.3459570e+01
   4.6363651e-01
   1.5656241e+00
   7.4331541e-01
   4.7633576e-01
   7.5778901e+00
   1.4449228e+01
   1.8629374e+01
   1.0790065e+01
   1.2982385e+01
   1.4404472e+00
   6.3878920e-01
   6.3042906e-01
   1.3560844e-01
   7.2272450e-01
   2.5023603e+00
   1.8866203e+00
   3.0178625e+00
   1.5962073e+00
   1.2465501e+00
   4.0941012e-01
   5.8824185e-02
   6.4386569e-01
   1.6688541e-01
   1.1924768e+00
   6.5362570e-01
   2.8818637e+00
   6.4124375e-01
   9.1574637e-01
   1.3840013e+00
   4.4095946e+01
   4.1456687e+01
   8.1103266e-02
   7.7376872e-01
   6.1853273e-01
   1.8353194e+01
   1.0699425e+01
   5.5887384e+00
   3.5883326e+00
   1.3762129e+01
   4.5453298e+01
   8.0889045e-02
   1.1875676e-01
   1.2790152e+00
   3.6053601e-01
   7.2028742e+00
   2.6328766e+00
   2.0109576e+00
   8.2047508e+00
   6.5939516e+00
   5.3421575e+00
   7.8404363e+00
   3.5827112e+00
   3.9807798e+00
   9.6174322e+00
   3.6150567e+01
   4.2009599e+01
   3.3795510e+01
   4.1738106e+01
   4.4410898e+01
   2.4524895e-01
   2.5704836e-01
   2.3130462e-01
   3.4078037e-01
   2.0778129e+00
   2.5664649e+00
   2.2631792e+00
   1.9983594e+00
  -6.1457758e-01
  -3.0480090e-01
  -4.4034362e-01
  -8.0930491e-01
   3.3385668e+00
   2.4076018e+00
   2.8469122e+00
   3.8807553e+00
